0 0.5859375 0.62734375 0.253125 0.5046875
0 0.76328125 0.65078125 0.2 0.275
0 0.828125 0.60234375 0.2625 0.5640625
0 0.12734375 0.36796875 0.115625 0.259375
0 0.30703125 0.41953125 0.2328125 0.2515625
0 0.52265625 0.39140625 0.15 0.24375
0 0.575 0.3515625 0.115625 0.1640625
0 0.94375 0.2890625 0.05 0.109375
0 0.971875 0.28046875 0.0484375 0.0875
0 0.7484375 0.25234375 0.0546875 0.0921875
0 0.8078125 0.265625 0.0546875 0.103125
0 0.6703125 0.23828125 0.04375 0.0703125
0 0.540625 0.24140625 0.0453125 0.075
0 0.2890625 0.28125 0.096875 0.1265625
0 0.1859375 0.3125 0.103125 0.19375
0 0.215625 0.26796875 0.0703125 0.0953125
0 0.39765625 0.3046875 0.0703125 0.1234375
