0 0.2849947916666667 0.5424444444444445 0.15464583333333334 0.1915648148148148
0 0.3153020833333333 0.38258333333333333 0.12568229166666667 0.16442592592592595
0 0.037036458333333334 0.2957037037037037 0.07407291666666667 0.14251851851851852
0 0.13595833333333335 0.33164814814814814 0.09616145833333332 0.19217592592592594
0 0.5885885416666666 0.5322592592592593 0.16392187500000002 0.1822962962962963
0 0.8400052083333333 0.4416759259259259 0.17092708333333334 0.19743518518518519
0 0.5237083333333333 0.3499814814814815 0.09874479166666666 0.1436574074074074
0 0.843140625 0.33237037037037037 0.07302083333333333 0.10475
0 0.18209895833333334 0.28458333333333335 0.073859375 0.13510185185185186
0 0.21490625 0.24493518518518517 0.041562499999999995 0.09284259259259259
0 0.23542708333333331 0.21771296296296297 0.04718229166666667 0.09393518518518519
0 0.2915625 0.2682777777777778 0.04486979166666667 0.10249074074074074
0 0.34071874999999996 0.23289814814814816 0.05985416666666667 0.08727777777777779
0 0.36696875 0.30033333333333334 0.06234375 0.11843518518518519
0 0.40841666666666665 0.27346296296296296 0.057749999999999996 0.0980462962962963
0 0.42404166666666665 0.22586111111111112 0.05149479166666667 0.08060185185185186
0 0.5268385416666667 0.23326851851851851 0.05083854166666667 0.08061111111111112
0 0.61390625 0.2816111111111111 0.04997395833333333 0.08471296296296296
0 0.6401510416666666 0.29439814814814813 0.052468749999999995 0.10657407407407407
0 0.6836875 0.3201481481481481 0.06869791666666666 0.11733333333333333
0 0.73190625 0.35868518518518516 0.09222395833333333 0.16477777777777777
0 0.732328125 0.2849537037037037 0.043062500000000004 0.08397222222222223
0 0.7460729166666666 0.22752777777777777 0.045557291666666666 0.08023148148148149
0 0.6751458333333333 0.25587037037037036 0.04745833333333334 0.08876851851851852
0 0.8221041666666667 0.2569814814814815 0.05178125 0.08358333333333333
0 0.8837604166666666 0.2556851851851852 0.05009895833333333 0.10692592592592592
0 0.9114635416666667 0.31477777777777777 0.04300520833333333 0.09547222222222222
0 0.952078125 0.3759074074074074 0.086734375 0.15108333333333332
0 0.9587447916666666 0.28050925925925924 0.05840625 0.10471296296296297