0 0.55515625 0.42741666666666667 0.1658072916666667 0.20224074074074072
0 0.8501093750000001 0.4125925925925926 0.13905208333333335 0.20223148148148148
0 0.6652447916666666 0.3286851851851852 0.13390104166666666 0.18625
0 0.187921875 0.4244537037037037 0.16884375000000001 0.22594444444444445
0 0.32196874999999997 0.3297962962962963 0.13068229166666667 0.2107037037037037
0 0.20469791666666665 0.26699074074074075 0.108640625 0.15546296296296297
0 0.09794270833333334 0.2823703703703703 0.11388020833333333 0.16028703703703706
0 0.05691145833333333 0.18974074074074074 0.06931770833333334 0.0935462962962963
0 0.11242187499999999 0.16473148148148148 0.08658854166666667 0.1139074074074074
0 0.19199479166666666 0.1734351851851852 0.05406770833333333 0.10539814814814814
0 0.22636458333333334 0.15157407407407406 0.043640625 0.08389814814814815
0 0.24833854166666666 0.18362037037037038 0.04801041666666667 0.0702037037037037
0 0.2825 0.18862962962962962 0.05799479166666666 0.08391666666666667
0 0.33071875 0.21067592592592593 0.0731875 0.1317222222222222
0 0.3269739583333333 0.15583333333333335 0.040692708333333334 0.06648148148148147
0 0.38060937499999997 0.1978888888888889 0.04171875 0.08022222222222222
0 0.404875 0.22214814814814815 0.05483333333333333 0.07319444444444444
0 0.4107135416666667 0.15361111111111111 0.033166666666666664 0.07686111111111112
0 0.43654166666666666 0.15732407407407406 0.04315625 0.08426851851851852
0 0.49413541666666666 0.20122222222222222 0.04793229166666667 0.0942962962962963
0 0.5286093749999999 0.2321574074074074 0.060625000000000005 0.11543518518518518
0 0.6241145833333334 0.19937037037037036 0.04955729166666667 0.098
0 0.600578125 0.16658333333333333 0.0483125 0.08057407407407408
0 0.5401666666666666 0.14842592592592593 0.04416666666666667 0.06648148148148147
0 0.6656666666666666 0.22289814814814815 0.07641145833333333 0.10431481481481482
0 0.6915 0.15453703703703706 0.044744791666666665 0.07500925925925926
0 0.7273229166666667 0.1604722222222222 0.0580625 0.08686111111111111
0 0.7498229166666667 0.20733333333333331 0.061390625000000004 0.08800000000000001
0 0.7701302083333333 0.2723611111111111 0.07075520833333333 0.13287037037037036
0 0.8270989583333334 0.2223425925925926 0.05344791666666667 0.09949999999999999
0 0.86396875 0.25087037037037035 0.05635416666666667 0.1047037037037037
0 0.8826145833333333 0.20048148148148148 0.045723958333333335 0.078
0 0.9382291666666667 0.22067592592592594 0.061119791666666666 0.08504629629629629
0 0.9767499999999999 0.3242314814814815 0.0465 0.16253703703703704
0 0.9777916666666666 0.14305555555555555 0.04441666666666667 0.07425925925925926
0 0.922921875 0.14601851851851852 0.05341666666666667 0.08018518518518518
0 0.8339739583333333 0.1525 0.054697916666666666 0.0820462962962963
0 0.7898177083333333 0.16231481481481483 0.049708333333333334 0.0683425925925926