0 0.2328125 0.603125 0.2765625 0.459375
0 0.046875 0.33671875 0.09375 0.2703125
0 0.13203125 0.4015625 0.146875 0.278125
0 0.9484375 0.35390625 0.103125 0.1265625
0 0.83671875 0.2921875 0.071875 0.1109375
0 0.94140625 0.30390625 0.0703125 0.1265625
0 0.1421875 0.2390625 0.0578125 0.06875
0 0.30390625 0.26640625 0.0640625 0.1109375
0 0.36875 0.2390625 0.0484375 0.0828125
0 0.41796875 0.23984375 0.0640625 0.096875
0 0.5 0.24140625 0.0390625 0.0796875
0 0.52734375 0.25 0.0515625 0.084375
0 0.5859375 0.26875 0.0625 0.090625
