0 0.11908854166666667 0.32126851851851856 0.074921875 0.14178703703703704
0 0.27781249999999996 0.5224444444444445 0.10069791666666666 0.1811759259259259
0 0.30447395833333335 0.381462962962963 0.07069791666666667 0.12514814814814815
0 0.6065104166666667 0.5129907407407407 0.09976041666666666 0.17338888888888887
0 0.8378229166666666 0.41888888888888887 0.12697395833333333 0.19260185185185183
0 0.9632083333333333 0.39925 0.07358333333333333 0.14590740740740743
0 0.74315625 0.3746111111111111 0.06472395833333333 0.12996296296296297
0 0.6923333333333334 0.3088518518518519 0.05473958333333333 0.11325925925925925
0 0.5668333333333333 0.33367592592592593 0.047489583333333335 0.1110462962962963
0 0.524859375 0.3286759259259259 0.06979166666666667 0.14179629629629628
0 0.3680104166666667 0.3203333333333333 0.06026041666666667 0.114
0 0.17866145833333333 0.28162037037037035 0.06906770833333334 0.12916666666666668
0 0.034953125 0.29644444444444445 0.06991145833333333 0.12917592592592592
0 0.21709895833333331 0.25493518518518515 0.035520833333333335 0.07580555555555556
0 0.23355208333333335 0.22455555555555556 0.030932291666666667 0.05949074074074074
0 0.28833333333333333 0.2593888888888889 0.036333333333333336 0.08470370370370371
0 0.32436979166666663 0.23067592592592592 0.029239583333333333 0.06800925925925926
0 0.34541145833333337 0.2323425925925926 0.0338125 0.06763888888888889
0 0.3947760416666667 0.27494444444444444 0.045046875 0.08619444444444445
0 0.4281041666666667 0.23789814814814816 0.036703124999999996 0.07135185185185186
0 0.6158854166666666 0.2793888888888889 0.03934895833333333 0.06544444444444444
0 0.6489010416666667 0.29995370370370367 0.053296875 0.09546296296296296
0 0.6719166666666666 0.23678703703703702 0.03891666666666667 0.06171296296296297
0 0.7354531249999999 0.2906944444444444 0.036812500000000005 0.0843425925925926
0 0.7560729166666668 0.23326851851851851 0.04055729166666667 0.08061111111111112
0 0.8115833333333333 0.24808333333333335 0.04949479166666667 0.08062037037037037
0 0.845328125 0.31403703703703706 0.050317708333333336 0.09399074074074075
0 0.911671875 0.3181111111111111 0.03925520833333333 0.09474074074074074
0 0.8901145833333334 0.2692037037037037 0.03572395833333333 0.07100000000000001
0 0.9389583333333333 0.26901851851851855 0.03133333333333333 0.07433333333333333
0 0.9652083333333333 0.2758703703703704 0.03382291666666667 0.06951851851851852
0 0.8742812499999999 0.2358611111111111 0.029062499999999998 0.06356481481481482