0 0.2697864583333333 0.5654259259259259 0.18172395833333335 0.22862037037037036
0 0.31738541666666664 0.38128703703703704 0.12984895833333335 0.17294444444444446
0 0.11814583333333334 0.3570185185185185 0.11679166666666667 0.16514814814814816
0 0.043703124999999995 0.3031111111111111 0.08740624999999999 0.1573425925925926
0 0.1849114583333333 0.3005185185185185 0.08989583333333333 0.14474074074074073
0 0.10617708333333334 0.24289814814814814 0.05742708333333334 0.07024074074074074
0 0.14877083333333332 0.2680925925925926 0.05720833333333333 0.10582407407407408
0 0.13825520833333332 0.22530555555555556 0.04658854166666667 0.07578703703703703
0 0.21459375 0.2580925925925926 0.060515624999999997 0.08135185185185186
0 0.23573958333333334 0.22474074074074074 0.05821875 0.07097222222222223
0 0.29020833333333335 0.2549444444444444 0.052578125 0.09062037037037038
0 0.5741145833333333 0.49280555555555555 0.1528854166666667 0.25230555555555556
0 0.8456302083333332 0.4566851851851852 0.17800520833333333 0.22374074074074074
0 0.520375 0.3388611111111111 0.08375 0.12142592592592591
0 0.5573541666666666 0.3234814814814815 0.05978125 0.10177777777777777
0 0.6904583333333334 0.308287037037037 0.06348958333333334 0.09362037037037037
0 0.9553072916666667 0.3990648148148148 0.07860937500000001 0.14924074074074076
0 0.368421875 0.32775000000000004 0.074421875 0.11399074074074074
0 0.395296875 0.27920370370370373 0.06066666666666667 0.06877777777777778
0 0.34488541666666667 0.2334537037037037 0.043187500000000004 0.062453703703703706
0 0.41883333333333334 0.2434537037037037 0.045244791666666666 0.07505555555555556
0 0.6128645833333334 0.2793888888888889 0.03539583333333333 0.06544444444444444
0 0.6421302083333333 0.29421296296296295 0.05850520833333333 0.08027777777777778
0 0.7318072916666666 0.2830925925925926 0.04410416666666667 0.05803703703703704
0 0.7351354166666667 0.3692407407407407 0.075765625 0.12292592592592591
0 0.844078125 0.317 0.064484375 0.11474074074074074
0 0.7981510416666667 0.2638333333333333 0.041375 0.07877777777777778
0 0.9034427083333333 0.31032407407407403 0.079046875 0.08658333333333333
0 0.9626041666666667 0.27642592592592596 0.039031249999999997 0.07433333333333333
0 0.8748020833333333 0.2364074074074074 0.026354166666666668 0.03875
0 0.667546875 0.23678703703703702 0.034333333333333334 0.06171296296296297
0 0.5306927083333333 0.22603703703703704 0.031463541666666664 0.047629629629629626
0 0.5054895833333333 0.23660185185185184 0.026890625 0.0650462962962963
0 0.7461770833333333 0.23326851851851851 0.035354166666666666 0.06578703703703703
0 0.8201250000000001 0.24456481481481482 0.029078125 0.06987037037037036