0 0.3053072916666667 0.340712962962963 0.08069270833333334 0.13253703703703704
0 0.2677083333333333 0.5194814814814814 0.10757812500000001 0.19006481481481483
0 0.5707864583333334 0.4574259259259259 0.10956250000000001 0.2104074074074074
0 0.8174114583333334 0.40981481481481485 0.119484375 0.19296296296296298
0 0.10763020833333334 0.33552777777777776 0.08117187499999999 0.1517962962962963
0 0.029541666666666667 0.2790277777777778 0.059078125 0.1313888888888889
0 0.17303645833333334 0.28587962962962965 0.07032291666666667 0.11175925925925927
0 0.1516875 0.267537037037037 0.03804166666666667 0.10100925925925926
0 0.10034375 0.24030555555555552 0.037432291666666666 0.07246296296296297
0 0.137734375 0.2334537037037037 0.039296875 0.07727777777777778
0 0.21168229166666666 0.25178703703703703 0.04135416666666667 0.07321296296296295
0 0.23313541666666668 0.22937037037037036 0.03843229166666667 0.06171296296296297
0 0.2860416666666667 0.25419444444444445 0.04425 0.07432407407407407
0 0.36405208333333333 0.3132962962962963 0.04818229166666667 0.09250925925925925
0 0.39883854166666666 0.283287037037037 0.046921875 0.0843425925925926
0 0.34947395833333333 0.2386388888888889 0.02735416666666667 0.05800925925925926
0 0.42372916666666666 0.23400925925925925 0.03211979166666667 0.06726851851851852
0 0.5193385416666667 0.33125925925925925 0.06083854166666667 0.10993518518518519
0 0.5663125 0.32496296296296295 0.048531250000000005 0.08992592592592594
0 0.6860833333333333 0.3064351851851852 0.050578125 0.09732407407407408
0 0.7327395833333333 0.3633148148148148 0.06889062500000001 0.12587962962962962
0 0.9593697916666667 0.39925 0.07215104166666667 0.11626851851851851
0 0.909484375 0.31180555555555556 0.045296875 0.08954629629629629
0 0.8411614583333333 0.3090277777777778 0.05865104166666667 0.09510185185185184
0 0.7998177083333334 0.2593888888888889 0.036375000000000005 0.06987962962962962
0 0.9634375 0.27420370370370367 0.032364583333333335 0.06988888888888889
0 0.9360416666666667 0.27624074074074073 0.03383333333333333 0.07766666666666666
0 0.87146875 0.23437962962962963 0.0296875 0.06060185185185185
0 0.74346875 0.23475000000000001 0.03410416666666667 0.06875
0 0.6671302083333334 0.24160185185185185 0.033499999999999995 0.06394444444444444
0 0.61328125 0.27420370370370367 0.027895833333333335 0.06988888888888889
0 0.6525468750000001 0.298287037037037 0.037671875 0.09583333333333334
0 0.534859375 0.23048148148148148 0.031463541666666664 0.056527777777777774