0 0.3121770833333333 0.38072222222222224 0.10693749999999999 0.13849074074074075
0 0.2828072916666667 0.5207777777777778 0.14402604166666666 0.1815462962962963
0 0.5926510416666667 0.5076296296296297 0.13246875 0.21080555555555555
0 0.83178125 0.4444537037037037 0.16905208333333333 0.19187962962962962
0 0.12939583333333332 0.32905555555555555 0.08929166666666667 0.19439814814814813
0 0.037453125 0.28087962962962965 0.07490625 0.14250925925925925
0 0.17730729166666667 0.2760648148148148 0.06844270833333334 0.12546296296296297
0 0.21907291666666667 0.25142592592592594 0.049890625 0.10951851851851852
0 0.29343749999999996 0.2682777777777778 0.044453124999999996 0.08766666666666667
0 0.2719791666666667 0.3118148148148148 0.07237500000000001 0.1043611111111111
0 0.370296875 0.3229259259259259 0.06067708333333333 0.09696296296296296
0 0.326765625 0.22974999999999998 0.02778125 0.06986111111111111
0 0.34988541666666667 0.2386388888888889 0.04485416666666667 0.05800925925925926
0 0.399671875 0.28532407407407406 0.056916666666666664 0.09212037037037037
0 0.4296666666666667 0.23493518518518516 0.04191145833333333 0.08024074074074074
0 0.5281875 0.34720370370370374 0.08478645833333333 0.14921296296296296
0 0.5700572916666666 0.33571296296296294 0.05603125 0.11882407407407408
0 0.6887916666666667 0.31755555555555554 0.06848958333333334 0.11955555555555555
0 0.7360729166666666 0.3653518518518518 0.083890625 0.1484814814814815
0 0.958 0.4027685185185185 0.084 0.14183333333333334
0 0.8408489583333334 0.3282962962962963 0.072609375 0.104
0 0.9036510416666667 0.3129259259259259 0.050296875 0.09917592592592593
0 0.938125 0.2747685185185185 0.054661458333333336 0.10434259259259258
0 0.9682291666666667 0.2755 0.029447916666666667 0.061370370370370374
0 0.8168958333333334 0.2569722222222222 0.05386979166666667 0.06876851851851852
0 0.7573229166666666 0.2386388888888889 0.04305729166666667 0.07283333333333333
0 0.6729583333333333 0.2386388888888889 0.036833333333333336 0.05800925925925926
0 0.6200520833333333 0.28253703703703703 0.056015625 0.08286111111111111
0 0.6500468749999999 0.2973611111111111 0.057671875000000004 0.09768518518518518
0 0.8686614583333333 0.23048148148148148 0.030312500000000003 0.056527777777777774
0 0.8861562500000001 0.26234259259259257 0.04030729166666667 0.06099074074074075
0 0.5372552083333333 0.22548148148148148 0.03833333333333333 0.05763888888888889
0 0.5088229166666667 0.23048148148148148 0.02521875 0.0417037037037037
0 0.09992708333333335 0.23456481481481484 0.044932291666666666 0.0720925925925926
0 0.14294270833333333 0.23845370370370367 0.03721354166666667 0.09098148148148148