0 0.3375 0.18515625 0.06171875 0.13984375
0 0.28984375 0.20546875 0.0515625 0.1328125
0 0.2390625 0.22109375 0.05234375 0.1375
0 0.19375 0.23984375 0.0578125 0.16484375
0 0.4859375 0.25078125 0.0734375 0.17109375
0 0.1265625 0.2796875 0.08125 0.1796875
0 0.02109375 0.3046875 0.0421875 0.178125
0 0.43125 0.32734375 0.08671875 0.1796875
0 0.3828125 0.38203125 0.10625 0.19140625
0 0.8234375 0.33203125 0.23125 0.2984375
0 0.334375 0.76953125 0.096875 0.2203125
0 0.43515625 0.81484375 0.1203125 0.3109375
0 0.565625 0.84375 0.065625 0.309375
0 0.1109375 0.68125 0.1125 0.04375
0 0.2421875 0.7140625 0.121875 0.109375
0 0.94296875 0.95 0.0828125 0.096875
0 0.646875 0.96328125 0.09375 0.0703125
0 0.7 0.971875 0.121875 0.053125