0 0.20703125 0.36328125 0.1828125 0.3078125
0 0.665625 0.2828125 0.09609375 0.22734375
0 0.76640625 0.31875 0.11875 0.3359375
0 0.93125 0.36171875 0.134375 0.3109375
0 0.4421875 0.1390625 0.1109375 0.16171875
0 0.57265625 0.171875 0.1203125 0.225
0 0.2609375 0.978125 0.075 0.040625
0 0.4328125 0.7453125 0.109375 0.24140625
0 0.90625 0.75234375 0.1296875 0.2328125
0 0.41640625 0.7578125 0.1203125 0.225
0 0.84296875 0.809375 0.2375 0.37265625
0 0.78046875 0.82109375 0.13203125 0.35
0 0.69765625 0.821875 0.2515625 0.353125
0 0.6328125 0.84921875 0.175 0.2984375
0 0.78984375 0.6234375 0.0484375 0.09296875
0 0.596875 0.6375 0.0671875 0.1515625
0 0.70859375 0.66171875 0.05859375 0.1515625
0 0.57265625 0.67421875 0.1109375 0.20859375
0 0.98203125 0.67890625 0.0328125 0.1515625
0 0.69921875 0.6828125 0.06953125 0.11953125
0 0.55859375 0.70703125 0.07890625 0.16875