0 0.2734375 0.19765625 0.0578125 0.13984375
0 0.4296875 0.2 0.06015625 0.165625
0 0.225 0.2015625 0.04921875 0.12734375
0 0.1796875 0.21015625 0.05 0.14765625
0 0.1390625 0.23125 0.06328125 0.159375
0 0.08125 0.2390625 0.0875 0.1875
0 0.38984375 0.24453125 0.0515625 0.1609375
0 0.01328125 0.26484375 0.0265625 0.1765625
0 0.35625 0.278125 0.0765625 0.1890625
0 0.3125 0.33515625 0.0921875 0.2015625
0 0.6609375 0.03984375 0.13125 0.0796875
0 0.6484375 0.103125 0.1375 0.20625
0 0.23046875 0.56796875 0.1703125 0.2171875
0 0.415625 0.54453125 0.1125 0.1703125
0 0.8140625 0.60234375 0.1046875 0.21875
0 0.70390625 0.6390625 0.0984375 0.27421875
0 0.625 0.740625 0.090625 0.425
0 0.69140625 0.4890625 0.0328125 0.059375
0 0.88671875 0.53515625 0.0578125 0.1515625