0 0.384375 0.28984375 0.16875 0.390625
0 0.6078125 0.3890625 0.12890625 0.27421875
0 0.68671875 0.403125 0.25078125 0.36640625
0 0.7578125 0.4296875 0.14140625 0.334375
0 0.44609375 0.64140625 0.1640625 0.0828125
0 0.0296875 0.6890625 0.059375 0.178125
0 0.12734375 0.77109375 0.1703125 0.3421875
0 0.73515625 0.6296875 0.0609375 0.059375
0 0.6828125 0.640625 0.059375 0.08125
0 0.6453125 0.64765625 0.05625 0.0953125
0 0.60078125 0.653125 0.0484375 0.10625
0 0.55859375 0.67109375 0.0578125 0.1421875
0 0.875 0.67421875 0.0875 0.1484375
0 0.82890625 0.70546875 0.0859375 0.1796875
0 0.77578125 0.75859375 0.10390625 0.190625