0 0.23203125 0.06328125 0.05234375 0.0875
0 0.17890625 0.0796875 0.05859375 0.103125
0 0.3890625 0.09609375 0.06328125 0.11484375
0 0.1296875 0.096875 0.04453125 0.1296875
0 0.0859375 0.1171875 0.0625 0.14140625
0 0.3546875 0.1265625 0.053125 0.12890625
0 0.0234375 0.14296875 0.046875 0.1640625
0 0.315625 0.1734375 0.0578125 0.1359375
0 0.275 0.2234375 0.08125 0.1375
0 0.23984375 0.6484375 0.06796875 0.1078125
0 0.19765625 0.68203125 0.06328125 0.1078125
0 0.13984375 0.68515625 0.07265625 0.153125
0 0.0859375 0.68984375 0.07109375 0.15546875
0 0.38984375 0.72265625 0.090625 0.1515625
0 0.03125 0.7453125 0.0625 0.184375
0 0.33203125 0.7796875 0.08671875 0.1515625
0 0.27734375 0.86015625 0.1140625 0.2046875
0 0.79375 0.7140625 0.09609375 0.22734375
0 0.89453125 0.75 0.11875 0.3359375
0 0.5703125 0.5703125 0.1109375 0.16171875
0 0.70078125 0.603125 0.1203125 0.225