0 0.4125 0.08671875 0.059375 0.1078125
0 0.3609375 0.1 0.05859375 0.12734375
0 0.3234375 0.11328125 0.0546875 0.12734375
0 0.27890625 0.121875 0.046875 0.1328125
0 0.228125 0.15078125 0.071875 0.1453125
0 0.1203125 0.175 0.11796875 0.17890625
0 0.47578125 0.1890625 0.0234375 0.18125
0 0.04453125 0.21328125 0.0890625 0.1734375
0 0.44453125 0.24140625 0.0859375 0.1921875
0 0.52734375 0.2953125 0.0765625 0.228125
0 0.61796875 0.33125 0.11875 0.3359375
0 0.80625 0.39296875 0.18125 0.3484375
0 0.31796875 0.77265625 0.06484375 0.2125
0 0.23984375 0.7765625 0.0953125 0.2234375
0 0.375 0.840625 0.121875 0.315625
0 0.53359375 0.71875 0.0890625 0.3
0 0.70625 0.79296875 0.18125 0.4109375