0 0.1171875 0.45703125 0.075 0.1609375
0 0.0625 0.49375 0.0875 0.0875
0 0.859375 0.20234375 0.059375 0.1078125
0 0.8078125 0.215625 0.05859375 0.12734375
0 0.7703125 0.22890625 0.0546875 0.12734375
0 0.72578125 0.2375 0.046875 0.1328125
0 0.675 0.26640625 0.071875 0.1453125
0 0.97734375 0.26953125 0.0421875 0.1546875
0 0.5671875 0.290625 0.11796875 0.17890625
0 0.95390625 0.30390625 0.0859375 0.1796875
0 0.4890625 0.32890625 0.0921875 0.17109375
0 0.90078125 0.35703125 0.10390625 0.190625
0 0.028125 0.65859375 0.05625 0.2390625
0 0.38359375 0.89453125 0.0484375 0.1640625
0 0.6453125 0.9234375 0.10625 0.15
0 0.5359375 0.928125 0.1 0.140625
0 0.43046875 0.94140625 0.1421875 0.1140625
0 0.52265625 0.83359375 0.03046875 0.0796875
0 0.71796875 0.88671875 0.05546875 0.1578125