0 0.03125 0.35703125 0.0625 0.1640625
0 0.3 0.42109375 0.1046875 0.21875
0 0.190625 0.44921875 0.1 0.2578125
0 0.078125 0.4625 0.15625 0.23125
0 0.17734375 0.29609375 0.03046875 0.0796875
0 0.37265625 0.34921875 0.05546875 0.1578125
0 0.96875 0.21171875 0.059375 0.1609375
0 0.60625 0.221875 0.09140625 0.1828125
0 0.684375 0.2546875 0.09296875 0.19140625
0 0.7375 0.30859375 0.11953125 0.26640625
0 0.86640625 0.40859375 0.1703125 0.3390625
0 0.16796875 0.70625 0.071875 0.10234375
0 0.06796875 0.71796875 0.06484375 0.1875
0 0.32734375 0.72265625 0.08671875 0.16171875
0 0.12109375 0.7234375 0.07109375 0.125
0 0.03046875 0.740625 0.0609375 0.159375
0 0.009375 0.77734375 0.01875 0.1984375
0 0.3 0.7765625 0.10625 0.1734375
0 0.25625 0.7875 0.1078125 0.11015625
0 0.20390625 0.84296875 0.125 0.15625
0 0.80625 0.70625 0.21875 0.253125
0 0.67265625 0.74453125 0.2421875 0.3296875
0 0.528125 0.65390625 0.11875 0.1484375