0 0.19140625 0.175 0.2046875 0.35
0 0.0953125 0.2578125 0.190625 0.48125
0 0.68515625 0.096875 0.0921875 0.19375
0 0.78359375 0.1421875 0.1203125 0.284375
0 0.93984375 0.24140625 0.1171875 0.4765625
0 0.3375 0.7078125 0.09609375 0.22734375
0 0.43828125 0.74375 0.11875 0.3359375
0 0.58671875 0.81484375 0.1015625 0.3671875
0 0.1140625 0.57265625 0.1125 0.1453125
0 0.2453125 0.60546875 0.121875 0.2109375
0 0.665625 0.8796875 0.053125 0.2375
0 0.66015625 0.890625 0.0421875 0.215625
0 0.9578125 0.890625 0.08125 0.215625
0 0.88671875 0.890625 0.2234375 0.215625
0 0.8359375 0.91796875 0.175 0.1609375
0 0.98359375 0.7609375 0.0296875 0.09375
0 0.8 0.775 0.0671875 0.1515625
0 0.91171875 0.79921875 0.05859375 0.1515625
0 0.77578125 0.81171875 0.1109375 0.20859375
0 0.90234375 0.8203125 0.06953125 0.11953125
0 0.76171875 0.84453125 0.07890625 0.16875