0 0.22421875 0.03125 0.0609375 0.0625
0 0.171875 0.0421875 0.059375 0.084375
0 0.134375 0.04921875 0.05625 0.0984375
0 0.08984375 0.0546875 0.0484375 0.109375
0 0.03984375 0.07265625 0.0734375 0.1453125
0 0.3640625 0.07578125 0.0875 0.1515625
0 0.31796875 0.10859375 0.0859375 0.1796875
0 0.26484375 0.16171875 0.10390625 0.190625
0 0.51953125 0.2171875 0.1015625 0.3375
0 0.6984375 0.28125 0.18125 0.353125
0 0.0828125 0.6828125 0.09609375 0.22734375
0 0.18359375 0.71875 0.11875 0.3359375
0 0.371875 0.80234375 0.18125 0.3921875
0 0.02578125 0.57265625 0.0515625 0.2265625
0 0.6140625 0.8703125 0.09609375 0.22734375
0 0.71484375 0.86796875 0.1203125 0.2609375
0 0.903125 0.89609375 0.18125 0.2046875
0 0.52578125 0.76015625 0.1140625 0.2265625