0 0.10625 0.384375 0.04453125 0.12109375
0 0.1578125 0.38828125 0.0625 0.09765625
0 0.06875 0.41171875 0.046875 0.12890625
0 0.021875 0.4421875 0.04375 0.140625
0 0.29296875 0.45859375 0.06171875 0.12734375
0 0.24140625 0.5234375 0.09140625 0.17265625
0 0.66875 0.31015625 0.1046875 0.21875
0 0.59921875 0.346875 0.0203125 0.275
0 0.74140625 0.23828125 0.05546875 0.1578125
0 0.1703125 0.7265625 0.13125 0.19375
0 0.24921875 0.75703125 0.2515625 0.2546875
0 0.3203125 0.7625 0.14375 0.265625
0 0.62734375 0.75078125 0.0765625 0.2421875
0 0.6359375 0.75625 0.09375 0.253125
0 0.92890625 0.80078125 0.1390625 0.3421875