0 0.0390625 0.29140625 0.078125 0.1515625
0 0.1375 0.28515625 0.125 0.1640625
0 0.4375 0.140625 0.12890625 0.27421875
0 0.51640625 0.16953125 0.2515625 0.3390625
0 0.5875 0.18125 0.14140625 0.334375
0 0.9078125 0.215625 0.14375 0.303125
0 0.128125 0.68515625 0.0859375 0.2390625
0 0.0421875 0.80625 0.084375 0.384375
0 0.04609375 0.803125 0.0921875 0.390625
0 0.16015625 0.64140625 0.0609375 0.1828125
0 0.4671875 0.6390625 0.09609375 0.22734375
0 0.56796875 0.675 0.11875 0.3359375
0 0.75625 0.78046875 0.18125 0.4359375
0 0.37421875 0.528125 0.1203125 0.225