0 0.2828125 0.39609375 0.059375 0.1078125
0 0.23125 0.409375 0.05859375 0.12734375
0 0.19375 0.42265625 0.0546875 0.12734375
0 0.14921875 0.43125 0.046875 0.1328125
0 0.0984375 0.46015625 0.071875 0.1453125
0 0.4234375 0.4625 0.0859375 0.153125
0 0.025 0.484375 0.05 0.18125
0 0.37734375 0.49765625 0.0859375 0.1796875
0 0.32421875 0.5359375 0.1046875 0.1625
0 0.3171875 0.5390625 0.1125 0.15625
0 0.9171875 0.33984375 0.08125 0.159375
0 0.65390625 0.3828125 0.0296875 0.19375
0 0.6875 0.43671875 0.096875 0.2671875
0 0.80390625 0.4921875 0.1703125 0.25
0 0.22578125 0.7015625 0.2046875 0.165625
0 0.1125 0.78125 0.225 0.325
0 0.80390625 0.65703125 0.2390625 0.0765625
0 0.74140625 0.65703125 0.1328125 0.0765625
0 0.71171875 0.69921875 0.1453125 0.1609375