0 0.2859375 0.20078125 0.1296875 0.2328125
0 0.22265625 0.2390625 0.2390625 0.3375
0 0.16015625 0.25078125 0.1328125 0.3140625
0 0.1015625 0.25078125 0.203125 0.3140625
0 0.05 0.278125 0.1 0.259375
0 0.16953125 0.071875 0.0484375 0.09296875
0 0.08828125 0.11015625 0.05859375 0.1515625
0 0.36171875 0.12734375 0.0328125 0.1515625
0 0.07890625 0.13125 0.06953125 0.11953125
0 0.821875 0.12265625 0.059375 0.1078125
0 0.7703125 0.1359375 0.05859375 0.12734375
0 0.7328125 0.14921875 0.0546875 0.12734375
0 0.68828125 0.1578125 0.046875 0.1328125
0 0.6375 0.18671875 0.071875 0.1453125
0 0.95859375 0.18984375 0.0796875 0.1546875
0 0.5296875 0.2109375 0.11796875 0.17890625
0 0.91640625 0.22421875 0.0859375 0.1796875
0 0.4515625 0.24921875 0.0921875 0.17109375
0 0.86328125 0.27734375 0.10390625 0.190625
0 0.571875 0.5609375 0.175 0.303125