0 0.22734375 0.39375 0.0609375 0.046875
0 0.175 0.3953125 0.059375 0.04375
0 0.1375 0.4015625 0.05625 0.03125
0 0.89453125 0.09140625 0.0890625 0.1828125
0 0.76328125 0.20859375 0.1796875 0.4171875
0 0.5890625 0.23046875 0.178125 0.3734375
0 0.70859375 0.04296875 0.1171875 0.0859375
0 0.0546875 0.7421875 0.109375 0.36875
0 0.06328125 0.76953125 0.1265625 0.3359375
0 0.375 0.825 0.14375 0.346875
0 0.61953125 0.82734375 0.05234375 0.0875
0 0.56640625 0.84375 0.05859375 0.103125
0 0.7765625 0.86015625 0.06328125 0.11484375
0 0.5203125 0.8609375 0.040625 0.13125
0 0.7421875 0.890625 0.053125 0.12890625
0 0.703125 0.93359375 0.059375 0.1296875
0 0.66328125 0.95859375 0.0828125 0.0796875