0 0.096875 0.0359375 0.096875 0.071875
0 0.19765625 0.08125 0.1203125 0.1625
0 0.3765625 0.17890625 0.1625 0.3578125
0 0.6265625 0.328125 0.04453125 0.12109375
0 0.678125 0.33203125 0.0625 0.09765625
0 0.5890625 0.35546875 0.046875 0.12890625
0 0.52734375 0.371875 0.0734375 0.1125
0 0.81328125 0.3828125 0.0640625 0.090625
0 0.76171875 0.40390625 0.0921875 0.0484375
0 0.175 0.803125 0.12890625 0.27421875
0 0.25390625 0.815625 0.2515625 0.365625
0 0.325 0.8375 0.14375 0.321875
0 0.7765625 0.55546875 0.07890625 0.146875
0 0.55234375 0.6125 0.12109375 0.203125
0 0.9375 0.71796875 0.121875 0.3890625
0 0.9171875 0.74453125 0.1625 0.4546875
0 0.7234375 0.76953125 0.196875 0.4578125
0 0.7328125 0.78046875 0.1625 0.4359375
0 0.715625 0.51875 0.1875 0.178125
0 0.8796875 0.51875 0.11015625 0.17109375
0 0.6734375 0.525 0.08203125 0.1390625
0 0.91953125 0.525 0.0421875 0.12578125
0 0.859375 0.5359375 0.06171875 0.14375