0 0.4203125 0.41328125 0.05625 0.2953125
0 0.27265625 0.4625 0.1796875 0.309375
0 0.5203125 0.3125 0.09609375 0.22734375
0 0.62109375 0.3484375 0.11875 0.3359375
0 0.809375 0.4265625 0.18125 0.38125
0 0.46953125 0.20234375 0.0390625 0.2265625
0 0.234375 0.84296875 0.0859375 0.2390625
0 0.11171875 0.88515625 0.1578125 0.2265625
0 0.09921875 0.88203125 0.1984375 0.2328125
0 0.04609375 0.7671875 0.0921875 0.171875
0 0.07578125 0.7734375 0.0421875 0.12578125
0 0.0234375 0.78515625 0.046875 0.1453125
0 0.26640625 0.79921875 0.0609375 0.1828125
0 0.971875 0.90703125 0.053125 0.1828125
0 0.5234375 0.9546875 0.06875 0.0875
0 0.5875 0.9515625 0.11875 0.09375