0 0.065625 0.28515625 0.07890625 0.146875
0 0.3671875 0.32421875 0.0859375 0.2390625
0 0.24453125 0.415625 0.1578125 0.325
0 0.228125 0.4125 0.20625 0.33125
0 0.05546875 0.42421875 0.1109375 0.3078125
0 0.0515625 0.43515625 0.103125 0.2859375
0 0.21171875 0.2234375 0.0421875 0.12578125
0 0.04921875 0.23046875 0.0984375 0.2140625
0 0.1890625 0.23984375 0.1046875 0.13515625
0 0.0578125 0.24609375 0.115625 0.2046875
0 0.16875 0.2484375 0.11015625 0.17109375
0 0.1484375 0.265625 0.06171875 0.14375
0 0.39921875 0.28046875 0.0609375 0.1828125
0 0.909375 0.0859375 0.10625 0.171875
0 0.8 0.11796875 0.1 0.2359375
0 0.7125 0.20625 0.10625 0.4125
0 0.97578125 0.03515625 0.0453125 0.0703125
0 0.078125 0.71875 0.12890625 0.27421875
0 0.15703125 0.7484375 0.2515625 0.3375
0 0.228125 0.759375 0.14140625 0.334375
0 0.5484375 0.8203125 0.14375 0.35625