0 0.4 0.02109375 0.046875 0.0421875
0 0.1296875 0.03671875 0.065625 0.0734375
0 0.42890625 0.0421875 0.0578125 0.084375
0 0.09609375 0.05546875 0.0546875 0.1109375
0 0.05625 0.0921875 0.0578125 0.1359375
0 0.02890625 0.14296875 0.0578125 0.1390625
0 0.76484375 0.30625 0.2765625 0.303125
0 0.41328125 0.4875 0.0828125 0.05625
0 0.04296875 0.4984375 0.0859375 0.078125
0 0.1171875 0.5171875 0.09375 0.115625
0 0.1703125 0.5625 0.121875 0.20625
0 0.29921875 0.64609375 0.16796875 0.36484375
0 0.60078125 0.5609375 0.0921875 0.203125
0 0.71328125 0.60234375 0.1109375 0.2859375
0 0.51796875 0.50078125 0.1171875 0.0828125