0 0.94609375 0.24375 0.1046875 0.209375
0 0.8875 0.23671875 0.221875 0.2234375
0 0.83359375 0.2484375 0.1328125 0.2
0 0.75078125 0.2484375 0.2515625 0.2
0 0.69609375 0.27578125 0.1546875 0.1453125
0 0.84296875 0.1265625 0.0484375 0.09296875
0 0.6515625 0.140625 0.065625 0.153125
0 0.76171875 0.16484375 0.05859375 0.1515625
0 0.65078125 0.17734375 0.0640625 0.2109375
0 0.75234375 0.1859375 0.06953125 0.11953125
0 0.63515625 0.21015625 0.0328125 0.1703125
0 0.5703125 0.71328125 0.09375 0.3890625
0 0.446875 0.71484375 0.16328125 0.3453125
0 0.27421875 0.81015625 0.1796875 0.3765625
0 0.08671875 0.875 0.1734375 0.246875
0 0.64140625 0.7484375 0.0453125 0.228125
0 0.71640625 0.784375 0.11875 0.3359375
0 0.9046875 0.83515625 0.18125 0.3265625