0 0.40859375 0.26328125 0.05234375 0.0875
0 0.35546875 0.2796875 0.05859375 0.103125
0 0.30625 0.296875 0.04453125 0.1296875
0 0.2625 0.3171875 0.0625 0.14140625
0 0.190625 0.34296875 0.06484375 0.16171875
0 0.0671875 0.38046875 0.0921875 0.15546875
0 0.42421875 0.42421875 0.0265625 0.1390625
0 0.9421875 0.26953125 0.1125 0.3296875
0 0.61484375 0.03671875 0.0953125 0.0734375
0 0.73046875 0.021875 0.0921875 0.04375
0 0.74609375 0.13359375 0.09296875 0.25625
0 0.0828125 0.9734375 0.05 0.05
0 0.634375 0.8359375 0.171875 0.153125
0 0.8578125 0.85546875 0.228125 0.1921875