0 0.32109375 0.25078125 0.0953125 0.18671875
0 0.43671875 0.26328125 0.134375 0.32265625
0 0.6203125 0.07421875 0.059375 0.1078125
0 0.58359375 0.0875 0.0296875 0.128125
0 0.7609375 0.140625 0.0859375 0.153125
0 0.71484375 0.17578125 0.0859375 0.1796875
0 0.66171875 0.22890625 0.10390625 0.190625
0 0.30703125 0.6734375 0.071875 0.10234375
0 0.20703125 0.68515625 0.06484375 0.1875
0 0.46640625 0.68984375 0.08671875 0.16171875
0 0.26015625 0.690625 0.07109375 0.125
0 0.1671875 0.70703125 0.0640625 0.1578125
0 0.115625 0.74375 0.08125 0.196875
0 0.4390625 0.74375 0.10625 0.1734375
0 0.3953125 0.7546875 0.1078125 0.11015625
0 0.034375 0.765625 0.06875 0.18125
0 0.34296875 0.81015625 0.125 0.15625
0 0.9734375 0.9015625 0.05 0.19375
0 0.81484375 0.91796875 0.1984375 0.1609375