0 0.2125 0.31171875 0.13125 0.1109375
0 0.29140625 0.2953125 0.2515625 0.14375
0 0.3625 0.3171875 0.14375 0.1
0 0.575 0.12890625 0.07890625 0.146875
0 0.8765625 0.16796875 0.0859375 0.2390625
0 0.75390625 0.23203125 0.1578125 0.2703125
0 0.7375 0.22890625 0.20625 0.2765625
0 0.53984375 0.240625 0.1609375 0.253125
0 0.5359375 0.2515625 0.153125 0.23125
0 0.53359375 0.090625 0.1484375 0.18125
0 0.678125 0.0921875 0.11015625 0.17109375
0 0.48671875 0.0984375 0.0546875 0.140625
0 0.71796875 0.0984375 0.0421875 0.12578125
0 0.6578125 0.109375 0.06171875 0.14375
0 0.90859375 0.12421875 0.0609375 0.1828125
0 0.19140625 0.471875 0.06796875 0.1078125
0 0.14921875 0.50546875 0.06328125 0.1078125
0 0.09140625 0.50859375 0.07265625 0.153125
0 0.0375 0.51328125 0.07109375 0.15546875
0 0.34140625 0.54609375 0.090625 0.1515625
0 0.28359375 0.603125 0.08671875 0.1515625
0 0.22890625 0.68359375 0.1140625 0.2046875
0 0.72421875 0.71953125 0.06796875 0.19765625
0 0.65234375 0.746875 0.09375 0.20078125
0 0.96171875 0.7625 0.0734375 0.2625
0 0.559375 0.79765625 0.1 0.25625
0 0.88203125 0.8109375 0.13671875 0.29296875
0 0.76484375 0.8515625 0.1609375 0.29375