0 0.04765625 0.04140625 0.0953125 0.0828125
0 0.0421875 0.04375 0.084375 0.0875
0 0.35390625 0.10625 0.0671875 0.2125
0 0.2828125 0.1484375 0.209375 0.296875
0 0.2390625 0.20078125 0.175 0.4015625
0 0.70390625 0.35703125 0.1578125 0.3015625
0 0.58515625 0.37421875 0.1578125 0.2671875
0 0.465625 0.38125 0.153125 0.253125
0 0.4140625 0.31171875 0.05 0.1703125
0 0.1265625 0.553125 0.096875 0.0875
0 0.22734375 0.5984375 0.1203125 0.178125
0 0.35625 0.69609375 0.0625 0.3734375
0 0.69296875 0.77421875 0.06484375 0.16328125
0 0.6203125 0.825 0.071875 0.16953125
0 0.53828125 0.83671875 0.08671875 0.24453125
0 0.9546875 0.83828125 0.0875 0.2203125
0 0.8546875 0.86796875 0.1 0.2609375
0 0.7390625 0.88125 0.1625 0.234375
0 0.84140625 0.71328125 0.03046875 0.0796875