0 0.02578125 0.265625 0.0515625 0.275
0 0.0953125 0.2765625 0.190625 0.3625
0 0.1359375 0.2984375 0.14375 0.31875
0 0.45625 0.3234375 0.14375 0.26875
0 0.87421875 0.14453125 0.1984375 0.2890625
0 0.63828125 0.2609375 0.2171875 0.3
0 0.38671875 0.51796875 0.05234375 0.0875
0 0.33359375 0.534375 0.05859375 0.103125
0 0.51953125 0.55078125 0.0171875 0.1171875
0 0.284375 0.5515625 0.04453125 0.1296875
0 0.240625 0.571875 0.0625 0.14140625
0 0.50546875 0.58125 0.0453125 0.13125
0 0.16875 0.59765625 0.06484375 0.16171875
0 0.4703125 0.628125 0.0578125 0.1359375
0 0.04609375 0.63515625 0.0921875 0.1578125
0 0.4296875 0.678125 0.08125 0.1375
0 0.8375 0.58515625 0.07890625 0.146875
0 0.61328125 0.6421875 0.12109375 0.203125
0 0.96796875 0.74765625 0.0609375 0.3890625
0 0.94765625 0.77265625 0.1015625 0.4515625
0 0.784375 0.784375 0.196875 0.428125
0 0.79375 0.7953125 0.1625 0.40625
0 0.98046875 0.5234375 0.0359375 0.128125
0 0.7765625 0.5484375 0.1875 0.178125
0 0.940625 0.5484375 0.11015625 0.17109375
0 0.734375 0.5546875 0.08203125 0.1390625
0 0.9203125 0.565625 0.06171875 0.14375