0 0.2171875 0.3265625 0.09375 0.1625
0 0.2953125 0.340625 0.09375 0.134375
0 0.3484375 0.34921875 0.121875 0.1171875
0 0.3390625 0.52890625 0.07890625 0.146875
0 0.11484375 0.5859375 0.12109375 0.203125
0 0.45859375 0.69140625 0.0390625 0.3890625
0 0.43828125 0.71796875 0.0796875 0.4546875
0 0.2859375 0.75625 0.196875 0.484375
0 0.29453125 0.7609375 0.1609375 0.4484375
0 0.278125 0.4953125 0.1875 0.171875
0 0.43203125 0.49375 0.0921875 0.16875
0 0.2359375 0.4984375 0.08203125 0.1390625
0 0.46953125 0.4984375 0.0171875 0.128125
0 0.421875 0.509375 0.06171875 0.14375
0 0.6109375 0.76875 0.2625 0.44375