0 0.2140625 0.31796875 0.11171875 0.165625
0 0.11484375 0.3765625 0.2046875 0.203125
0 0.0421875 0.25703125 0.05390625 0.06953125
0 0.7125 0.17578125 0.059375 0.1078125
0 0.6609375 0.1890625 0.05859375 0.12734375
0 0.6234375 0.20234375 0.0546875 0.12734375
0 0.57890625 0.2109375 0.046875 0.1328125
0 0.528125 0.23984375 0.071875 0.1453125
0 0.853125 0.2421875 0.0859375 0.153125
0 0.46484375 0.2640625 0.0296875 0.18125
0 0.80703125 0.27734375 0.0859375 0.1796875
0 0.75390625 0.33046875 0.10390625 0.190625
0 0.1515625 0.515625 0.071875 0.071875
0 0.31640625 0.5296875 0.0921875 0.1
0 0.41328125 0.5609375 0.0703125 0.1625
0 0.065625 0.69921875 0.13125 0.4015625
0 0.5515625 0.90625 0.059375 0.11953125
0 0.50546875 0.91796875 0.0453125 0.1078125
0 0.47109375 0.91953125 0.0421875 0.1578125
0 0.69296875 0.92734375 0.0984375 0.1421875
0 0.96640625 0.92421875 0.0640625 0.1484375
0 0.64296875 0.9453125 0.0640625 0.10625