0 0.1515625 0.24921875 0.1296875 0.2328125
0 0.10390625 0.30625 0.2078125 0.375
0 0.04609375 0.31796875 0.0921875 0.3515625
0 0.034375 0.36015625 0.06875 0.4359375
0 0.03515625 0.1203125 0.0484375 0.09296875
0 0.23671875 0.17578125 0.05 0.15078125
0 0.496875 0.415625 0.12890625 0.27421875
0 0.57578125 0.41171875 0.2515625 0.3328125
0 0.646875 0.43359375 0.14375 0.2890625
0 0.946875 0.45859375 0.103125 0.2390625
0 0.79453125 0.6796875 0.05234375 0.0875
0 0.946875 0.6890625 0.06328125 0.11484375
0 0.7125 0.696875 0.04453125 0.1296875
0 0.75 0.70625 0.05859375 0.103125
0 0.6671875 0.721875 0.0625 0.14140625
0 0.91640625 0.72578125 0.053125 0.12890625
0 0.6140625 0.753125 0.06484375 0.16171875
0 0.878125 0.77109375 0.0578125 0.1359375
0 0.5078125 0.77890625 0.0921875 0.15546875
0 0.84296875 0.81796875 0.08125 0.1375
0 0.425 0.8359375 0.08203125 0.1734375