0 0.090625 0.26796875 0.07890625 0.146875
0 0.3921875 0.30703125 0.0859375 0.2390625
0 0.26953125 0.3765625 0.1578125 0.28125
0 0.253125 0.3734375 0.20625 0.2875
0 0.06796875 0.38515625 0.1359375 0.2640625
0 0.0640625 0.39609375 0.128125 0.2421875
0 0.06171875 0.21328125 0.1234375 0.2140625
0 0.19375 0.23125 0.11015625 0.17109375
0 0.01484375 0.2375 0.0296875 0.140625
0 0.23359375 0.2375 0.0421875 0.12578125
0 0.1734375 0.2484375 0.06171875 0.14375
0 0.42421875 0.26328125 0.0609375 0.1828125
0 0.9859375 0.10078125 0.025 0.1484375
0 0.790625 0.15859375 0.121875 0.2046875
0 0.93046875 0.3015625 0.1359375 0.43125
0 0.94375 0.3125 0.109375 0.409375
0 0.92890625 0.0765625 0.1390625 0.153125
0 0.9109375 0.0703125 0.08203125 0.1390625
0 0.384375 0.88203125 0.10390625 0.22265625
0 0.2796875 0.91875 0.178125 0.159375
0 0.05703125 0.80390625 0.1140625 0.1140625
0 0.2 0.82890625 0.10234375 0.15546875
0 0.9 0.69921875 0.11171875 0.165625
0 0.81640625 0.77734375 0.1734375 0.2421875
0 0.74296875 0.63828125 0.0265625 0.0703125