0 0.25625 0.11875 0.13125 0.2375
0 0.0296875 0.1109375 0.059375 0.221875
0 0.33515625 0.14921875 0.2515625 0.2984375
0 0.0328125 0.1328125 0.065625 0.265625
0 0.40625 0.1546875 0.14375 0.309375
0 0.7203125 0.19453125 0.1296875 0.2328125
0 0.6578125 0.240625 0.2375 0.353125
0 0.6 0.25234375 0.121875 0.3296875
0 0.58828125 0.25234375 0.0984375 0.3296875
0 0.60390625 0.065625 0.0484375 0.09296875
0 0.54609375 0.1046875 0.0140625 0.153125
0 0.5546875 0.12109375 0.03125 0.1203125
0 0.80546875 0.12109375 0.05 0.15078125
0 0.115625 0.83359375 0.059375 0.1078125
0 0.0640625 0.846875 0.05859375 0.12734375
0 0.02734375 0.86015625 0.0546875 0.1296875
0 0.51953125 0.89453125 0.0359375 0.1703125
0 0.25625 0.9 0.0859375 0.153125
0 0.2109375 0.921875 0.0875 0.153125
0 0.15703125 0.9453125 0.1046875 0.10625
0 0.9515625 0.6984375 0.09375 0.234375
0 0.89296875 0.7546875 0.2109375 0.375
0 0.84453125 0.76640625 0.13203125 0.35
0 0.76171875 0.79453125 0.2515625 0.4078125
0 0.696875 0.821875 0.175 0.353125
0 0.85390625 0.56875 0.0484375 0.09296875
0 0.6609375 0.5828125 0.0671875 0.1515625
0 0.77265625 0.60703125 0.05859375 0.1515625
0 0.63671875 0.61953125 0.1109375 0.20859375
0 0.784375 0.62421875 0.06953125 0.11953125
0 0.62265625 0.65234375 0.07890625 0.16875