0 0.14375 0.3328125 0.12890625 0.27421875
0 0.22265625 0.346875 0.25078125 0.36640625
0 0.29375 0.3734375 0.14140625 0.334375
0 0.56015625 0.44375 0.0359375 0.375
0 0.6875 0.26484375 0.059375 0.1078125
0 0.6359375 0.278125 0.05859375 0.12734375
0 0.603125 0.29140625 0.046875 0.1296875
0 0.828125 0.33125 0.0859375 0.153125
0 0.78203125 0.36640625 0.0859375 0.1796875
0 0.72890625 0.41953125 0.10390625 0.190625
0 0.365625 0.7828125 0.096875 0.1875
0 0.46640625 0.828125 0.1203125 0.278125
0 0.2734375 0.72734375 0.121875 0.0765625
0 0.70078125 0.80546875 0.1140625 0.2328125
0 0.88203125 0.84375 0.2328125 0.309375
0 0.62890625 0.7390625 0.0984375 0.1