0 0.19140625 0.4296875 0.2515625 0.075
0 0.878125 0.125 0.09609375 0.22734375
0 0.95859375 0.16484375 0.0796875 0.3296875
0 0.66015625 0.03125 0.1015625 0.0625
0 0.7859375 0.0640625 0.121875 0.128125
0 0.253125 0.490625 0.0625 0.04375
0 0.20625 0.49921875 0.053125 0.0609375
0 0.1546875 0.5078125 0.053125 0.078125
0 0.109375 0.52421875 0.059375 0.1109375
0 0.4015625 0.53125 0.075 0.125
0 0.04296875 0.54765625 0.0828125 0.1578125
0 0.346875 0.58359375 0.08671875 0.1796875
0 0.2984375 0.63828125 0.10625 0.19140625
0 0.928125 0.88046875 0.059375 0.1078125
0 0.8765625 0.89375 0.05859375 0.12734375
0 0.8390625 0.90703125 0.0546875 0.12734375
0 0.79453125 0.915625 0.046875 0.1328125
0 0.74453125 0.93515625 0.0734375 0.1265625
0 0.65234375 0.93828125 0.0859375 0.1203125
0 0.9578125 0.96875 0.08125 0.059375