0 0.35703125 0.328125 0.0609375 0.078125
0 0.3046875 0.3296875 0.059375 0.075
0 0.2671875 0.3359375 0.05625 0.0625
0 0.22265625 0.3390625 0.0484375 0.05625
0 0.17265625 0.35078125 0.0734375 0.0328125
0 0.496875 0.35 0.0875 0.034375
0 0.33125 0.7015625 0.12890625 0.27421875
0 0.0875 0.7109375 0.09140625 0.2234375
0 0.41015625 0.715625 0.25078125 0.36640625
0 0.0796875 0.725 0.12109375 0.28125
0 0.48125 0.7421875 0.14140625 0.334375
0 0.8453125 0.46015625 0.140625 0.1828125
0 0.965625 0.41953125 0.065625 0.1015625