0 0.04375 0.15390625 0.0859375 0.2390625
0 0.07578125 0.11015625 0.0609375 0.1828125
0 0.3640625 0.2984375 0.109375 0.24140625
0 0.8375 0.30546875 0.1296875 0.2328125
0 0.34765625 0.3109375 0.1203125 0.225
0 0.77421875 0.3625 0.2375 0.37265625
0 0.71171875 0.37421875 0.13203125 0.35
0 0.62890625 0.378125 0.2515625 0.359375
0 0.5640625 0.40546875 0.175 0.3046875
0 0.72109375 0.1765625 0.0484375 0.09296875
0 0.528125 0.190625 0.0671875 0.1515625
0 0.63984375 0.21484375 0.05859375 0.1515625
0 0.50390625 0.22734375 0.1109375 0.20859375
0 0.92265625 0.23203125 0.05 0.15078125
0 0.63046875 0.2359375 0.06953125 0.11953125
0 0.48984375 0.26015625 0.07890625 0.16875
0 0.10234375 0.83828125 0.2046875 0.3203125
0 0.16015625 0.82890625 0.1546875 0.3390625
0 0.434375 0.8328125 0.09609375 0.22734375
0 0.53515625 0.84921875 0.1203125 0.2984375
0 0.7234375 0.87734375 0.18125 0.2421875
0 0.253125 0.6890625 0.028125 0.1625
0 0.34140625 0.721875 0.1203125 0.225