0 0.41796875 0.41875 0.06796875 0.1078125
0 0.37578125 0.45234375 0.06328125 0.1078125
0 0.31796875 0.45546875 0.07265625 0.153125
0 0.2640625 0.46015625 0.07109375 0.15546875
0 0.54453125 0.49375 0.0453125 0.153125
0 0.2015625 0.515625 0.07578125 0.18359375
0 0.51015625 0.55 0.08671875 0.1515625
0 0.07890625 0.5609375 0.1109375 0.1890625
0 0.45546875 0.63046875 0.1140625 0.2046875
0 0.69140625 0.4578125 0.2453125 0.534375
0 0.9890625 0.14375 0.01875 0.14375
0 0.91953125 0.14765625 0.12109375 0.24296875
0 0.6046875 0.175 0.071875 0.3375
0 0.46953125 0.95625 0.0609375 0.084375
0 0.4171875 0.9578125 0.059375 0.08125
0 0.3796875 0.9640625 0.05625 0.06875
0 0.33515625 0.9671875 0.0484375 0.0625
0 0.28515625 0.97890625 0.0734375 0.0390625
0 0.7078125 0.86484375 0.18125 0.2109375