0 0.5765625 0.24609375 0.05703125 0.10390625
0 0.15546875 0.2546875 0.06796875 0.1078125
0 0.11328125 0.28828125 0.06328125 0.1078125
0 0.05546875 0.29140625 0.07265625 0.153125
0 0.01875 0.29609375 0.0375 0.1578125
0 0.30546875 0.32890625 0.090625 0.1515625
0 0.24765625 0.3859375 0.08671875 0.1515625
0 0.19296875 0.46640625 0.1140625 0.2046875
0 0.98984375 0.12890625 0.0171875 0.1296875
0 0.96484375 0.1375 0.046875 0.1328125
0 0.9140625 0.16640625 0.071875 0.1453125
0 0.80625 0.190625 0.11796875 0.17890625
0 0.728125 0.22890625 0.0921875 0.17109375
0 0.13125 0.86796875 0.07890625 0.146875
0 0.4328125 0.89296875 0.0875 0.2109375
0 0.31015625 0.9171875 0.1578125 0.1625
0 0.29375 0.9140625 0.20625 0.16875
0 0.08828125 0.92578125 0.1765625 0.1453125
0 0.0875 0.93671875 0.1625 0.1234375
0 0.27734375 0.80625 0.0421875 0.12578125
0 0.08203125 0.81328125 0.1640625 0.2140625
0 0.2546875 0.82265625 0.1046875 0.13515625
0 0.090625 0.82890625 0.18125 0.2046875
0 0.234375 0.83125 0.11015625 0.17109375
0 0.03515625 0.8375 0.0703125 0.140625
0 0.2140625 0.8484375 0.06171875 0.14375
0 0.46484375 0.86328125 0.0609375 0.1828125
0 0.70390625 0.759375 0.1078125 0.234375
0 0.69921875 0.81328125 0.0984375 0.3703125
0 0.77734375 0.68515625 0.05 0.15078125