0 0.0203125 0.04609375 0.040625 0.0921875
0 0.3015625 0.0890625 0.0875 0.178125
0 0.17890625 0.1875 0.1578125 0.375
0 0.1625 0.2171875 0.20625 0.434375
0 0.02265625 0.24765625 0.0453125 0.4890625
0 0.01875 0.25 0.0375 0.45
0 0.103125 0.03359375 0.1125 0.0671875
0 0.14375 0.02578125 0.04375 0.0515625
0 0.0828125 0.0359375 0.0625 0.071875
0 0.334375 0.053125 0.0625 0.10625
0 0.9171875 0.2609375 0.1625 0.25625
0 0.70234375 0.315625 0.196875 0.2984375
0 0.496875 0.4125 0.15625 0.25
0 0.4015625 0.828125 0.03125 0.109375
0 0.3640625 0.840625 0.05859375 0.12734375
0 0.3265625 0.85390625 0.0546875 0.12734375
0 0.28203125 0.8625 0.046875 0.1328125
0 0.23125 0.89140625 0.071875 0.1453125
0 0.1234375 0.91171875 0.11875 0.1734375
0 0.04609375 0.9328125 0.0921875 0.13125
0 0.72890625 0.6953125 0.2015625 0.3125
0 0.85703125 0.76875 0.2828125 0.459375
0 0.5796875 0.6125 0.121875 0.146875