0 0.2296875 0.30390625 0.0859375 0.2390625
0 0.10703125 0.4203125 0.1578125 0.375
0 0.096875 0.4171875 0.19375 0.38125
0 0.04375 0.228125 0.0875 0.171875
0 0.07109375 0.234375 0.0421875 0.12578125
0 0.02109375 0.24609375 0.0421875 0.1453125
0 0.26171875 0.26015625 0.0609375 0.1828125
0 0.65078125 0.18203125 0.3234375 0.3640625
0 0.10546875 0.81875 0.20078125 0.32421875
0 0.2703125 0.80390625 0.35625 0.3890625
0 0.6375 0.89921875 0.13125 0.1984375
0 0.59140625 0.8921875 0.2046875 0.2125
0 0.53359375 0.90390625 0.0890625 0.1890625
0 0.52109375 0.7875 0.0484375 0.09296875
0 0.72265625 0.84296875 0.05 0.15078125