0 0.03125 0.1796875 0.0625 0.24375
0 0.4796875 0.18671875 0.1296875 0.2328125
0 0.02578125 0.19296875 0.0515625 0.2265625
0 0.41640625 0.24375 0.2375 0.37265625
0 0.35390625 0.25546875 0.13203125 0.35
0 0.27109375 0.296875 0.24921875 0.434375
0 0.20625 0.37734375 0.17265625 0.48359375
0 0.36328125 0.0578125 0.0484375 0.09296875
0 0.1703125 0.07421875 0.06875 0.1484375
0 0.28203125 0.09609375 0.05859375 0.1515625
0 0.14609375 0.10859375 0.1109375 0.20859375
0 0.56484375 0.11328125 0.05 0.15078125
0 0.27265625 0.1171875 0.06953125 0.11953125
0 0.13203125 0.14140625 0.07890625 0.16875
0 0.83125 0.5015625 0.0859375 0.153125
0 0.78515625 0.53671875 0.0859375 0.1796875
0 0.75703125 0.58984375 0.0546875 0.1921875
0 0.29765625 0.79765625 0.2484375 0.1171875
0 0.8234375 0.97578125 0.096875 0.0453125
0 0.7609375 0.92109375 0.0625 0.1546875