0 0.3015625 0.25625 0.12890625 0.27421875
0 0.0578125 0.265625 0.09140625 0.2234375
0 0.33125 0.246875 0.153125 0.321875
0 0.05546875 0.2734375 0.1109375 0.26875
0 0.83046875 0.33125 0.06796875 0.1078125
0 0.78828125 0.359375 0.0640625 0.096875
0 0.73046875 0.34921875 0.0734375 0.1171875
0 0.6765625 0.35078125 0.071875 0.1140625
0 0.96640625 0.36875 0.0640625 0.078125
0 0.6140625 0.371875 0.078125 0.071875
0 0.33125 0.51171875 0.06171875 0.13984375
0 0.28359375 0.53203125 0.0515625 0.1328125
0 0.2328125 0.54765625 0.05234375 0.1375
0 0.1875 0.56640625 0.0578125 0.16484375
0 0.1203125 0.60625 0.08125 0.1796875
0 0.01796875 0.63125 0.0359375 0.178125
0 0.39453125 0.6546875 0.0265625 0.18125
0 0.365625 0.70859375 0.084375 0.1921875
0 0.71015625 0.77734375 0.06484375 0.16328125
0 0.6375 0.828125 0.071875 0.16953125
0 0.55546875 0.83984375 0.08671875 0.24453125
0 0.96328125 0.84140625 0.0703125 0.2203125
0 0.871875 0.86953125 0.1 0.2578125
0 0.75625 0.8828125 0.1625 0.23125
0 0.85859375 0.71640625 0.03046875 0.0796875