0 0.2484375 0.38203125 0.0859375 0.2390625
0 0.12578125 0.4140625 0.1578125 0.20625
0 0.109375 0.4109375 0.20625 0.2125
0 0.053125 0.30625 0.10625 0.171875
0 0.08984375 0.3125 0.0421875 0.12578125
0 0.03046875 0.32421875 0.0609375 0.1453125
0 0.28046875 0.33828125 0.0609375 0.1828125
0 0.58125 0.3859375 0.103125 0.2625
0 0.7703125 0.37890625 0.228125 0.2765625
0 0.33515625 0.78984375 0.2359375 0.3703125
0 0.2046875 0.83203125 0.303125 0.3328125
0 0.05625 0.6609375 0.109375 0.246875
0 0.6046875 0.8203125 0.15 0.35625
0 0.55703125 0.66796875 0.0546875 0.1484375