0 0.2921875 0.0375 0.0875 0.075
0 0.16953125 0.1359375 0.1578125 0.271875
0 0.153125 0.165625 0.20625 0.33125
0 0.52109375 0.11875 0.1109375 0.2375
0 0.96328125 0.1234375 0.0703125 0.234375
0 0.50390625 0.128125 0.1203125 0.225
0 0.9046875 0.18359375 0.1875 0.3671875
0 0.86796875 0.19140625 0.13203125 0.35
0 0.78515625 0.2015625 0.2515625 0.371875
0 0.7203125 0.22890625 0.175 0.3171875
0 0.878125 0.0203125 0.05 0.040625
0 0.684375 0.0421875 0.06875 0.084375
0 0.79609375 0.0546875 0.0609375 0.109375
0 0.6609375 0.075 0.1125 0.15
0 0.78671875 0.05703125 0.0703125 0.1140625
0 0.64609375 0.08125 0.0796875 0.1625
0 0.01953125 0.63671875 0.0390625 0.1484375
0 0.3 0.67578125 0.0859375 0.2390625
0 0.17734375 0.79921875 0.15546875 0.38828125
0 0.1609375 0.7984375 0.20625 0.4
0 0.1015625 0.6 0.11015625 0.17109375
0 0.14140625 0.60625 0.0421875 0.12578125
0 0.08125 0.6171875 0.06171875 0.14375
0 0.33203125 0.63203125 0.0609375 0.1828125
0 0.51640625 0.66171875 0.1734375 0.3140625