0 0.396875 0.25 0.12890625 0.27421875
0 0.153125 0.259375 0.09140625 0.2234375
0 0.41875 0.2640625 0.1375 0.36875
0 0.1453125 0.2734375 0.12109375 0.28125
0 0.9796875 0.1078125 0.0375 0.10625
0 0.5609375 0.11015625 0.06171875 0.13984375
0 0.51484375 0.13125 0.0515625 0.134375
0 0.709375 0.17578125 0.0734375 0.17109375
0 0.6546875 0.25234375 0.08671875 0.1796875
0 0.60625 0.30703125 0.10625 0.19140625
0 0.1375 0.93828125 0.059375 0.1078125
0 0.0859375 0.94296875 0.059375 0.1109375
0 0.0484375 0.94921875 0.05625 0.0984375
0 0.0140625 0.95234375 0.028125 0.0921875
0 0.278125 0.96328125 0.0875 0.0703125
0 0.2328125 0.97421875 0.0875 0.0484375
0 0.915625 0.58359375 0.059375 0.1078125
0 0.8640625 0.596875 0.05859375 0.12734375
0 0.8265625 0.61015625 0.0546875 0.12734375
0 0.78203125 0.61875 0.046875 0.1328125
0 0.73125 0.64765625 0.071875 0.1453125
0 0.6234375 0.671875 0.11796875 0.17890625
0 0.9828125 0.6859375 0.03125 0.18125
0 0.5453125 0.71015625 0.0921875 0.17109375
0 0.9515625 0.73828125 0.09375 0.1921875