0 0.315625 0.1046875 0.096875 0.209375
0 0.41640625 0.15 0.1203125 0.3
0 0.58125 0.21796875 0.134375 0.3984375
0 0.0921875 0.01640625 0.1125 0.0328125
0 0.2234375 0.04921875 0.121875 0.0984375
0 0.9609375 0.0296875 0.053125 0.059375
0 0.909375 0.03828125 0.053125 0.0765625
0 0.8640625 0.0546875 0.059375 0.109375
0 0.79765625 0.078125 0.0828125 0.15625
0 0.68125 0.090625 0.0625 0.178125
0 0.4203125 0.49765625 0.059375 0.1078125
0 0.36875 0.5109375 0.05859375 0.12734375
0 0.33125 0.52421875 0.0546875 0.12734375
0 0.28671875 0.5328125 0.046875 0.1328125
0 0.2359375 0.56171875 0.071875 0.1453125
0 0.5609375 0.5640625 0.0859375 0.153125
0 0.128125 0.5859375 0.11796875 0.17890625
0 0.51484375 0.59921875 0.0859375 0.1796875
0 0.05 0.62421875 0.0921875 0.17109375
0 0.46171875 0.65234375 0.10390625 0.190625
0 0.91796875 0.52890625 0.05234375 0.0875
0 0.86484375 0.5453125 0.05859375 0.103125
0 0.815625 0.5625 0.04453125 0.1296875
0 0.771875 0.5828125 0.0625 0.14140625
0 0.7 0.60859375 0.06484375 0.16171875
0 0.98515625 0.6390625 0.0265625 0.1375
0 0.959375 0.68984375 0.078125 0.1390625