0 0.240625 0.14609375 0.0859375 0.2390625
0 0.11796875 0.26953125 0.15546875 0.38828125
0 0.10234375 0.29609375 0.2046875 0.4546875
0 0.04921875 0.078125 0.0984375 0.15625
0 0.08203125 0.0765625 0.0421875 0.12578125
0 0.0265625 0.08828125 0.053125 0.1453125
0 0.27265625 0.10234375 0.0609375 0.1828125
0 0.83203125 0.38828125 0.2765625 0.2984375
0 0.94375 0.82734375 0.059375 0.1078125
0 0.8921875 0.840625 0.05859375 0.12734375
0 0.8546875 0.85390625 0.0546875 0.12734375
0 0.81015625 0.8625 0.046875 0.1328125
0 0.759375 0.89140625 0.071875 0.1453125
0 0.6515625 0.91171875 0.11875 0.1734375
0 0.5734375 0.9328125 0.09375 0.13125
0 0.965625 0.9421875 0.065625 0.1125