0 0.46796875 0.02265625 0.0609375 0.0453125
0 0.415625 0.03359375 0.059375 0.0671875
0 0.378125 0.040625 0.05625 0.08125
0 0.33359375 0.04609375 0.0484375 0.0921875
0 0.28359375 0.0640625 0.0734375 0.128125
0 0.175 0.084375 0.11875 0.16875
0 0.096875 0.11640625 0.0921875 0.17109375
0 0.4921875 0.14453125 0.071875 0.1921875
0 0.89609375 0.025 0.0640625 0.05
0 0.83828125 0.0375 0.0734375 0.075
0 0.784375 0.040625 0.071875 0.08125
0 0.721875 0.075 0.078125 0.15
0 0.59921875 0.103125 0.1109375 0.1890625
0 0.95859375 0.1734375 0.0796875 0.20625
0 0.025 0.865625 0.05 0.265625
0 0.09453125 0.84921875 0.1890625 0.2984375
0 0.134375 0.87109375 0.14375 0.2546875
0 0.4546875 0.89609375 0.14375 0.2046875
0 0.91015625 0.82421875 0.1765625 0.2578125
0 0.60390625 0.92265625 0.1484375 0.1515625