0 0.1203125 0.50625 0.13125 0.1625
0 0.19921875 0.48984375 0.2515625 0.1953125
0 0.2703125 0.51171875 0.14375 0.1515625
0 0.5734375 0.53671875 0.109375 0.1015625
0 0.7265625 0.38828125 0.08125 0.159375
0 0.92421875 0.40234375 0.1484375 0.2421875
0 0.4078125 0.9203125 0.284375 0.15625
0 0.853125 0.89296875 0.059375 0.1078125
0 0.8015625 0.90625 0.05859375 0.12734375
0 0.7640625 0.91953125 0.0546875 0.12734375
0 0.71953125 0.928125 0.046875 0.1328125
0 0.66953125 0.94140625 0.0734375 0.1140625
0 0.97421875 0.940625 0.0484375 0.115625
0 0.9484375 0.9515625 0.0875 0.09375
0 0.89453125 0.975 0.1046875 0.046875
0 0.8875 0.978125 0.1125 0.040625