0 0.2078125 0.19765625 0.059375 0.1078125
0 0.15625 0.2109375 0.05859375 0.12734375
0 0.11875 0.22421875 0.0546875 0.12734375
0 0.07421875 0.2328125 0.046875 0.1328125
0 0.03046875 0.2625 0.0609375 0.146875
0 0.3265625 0.26484375 0.04375 0.1546875
0 0.30234375 0.29921875 0.0859375 0.1796875
0 0.24921875 0.35234375 0.10390625 0.190625
0 0.3640625 0.190625 0.028125 0.24375
0 0.7953125 0.19765625 0.1296875 0.2328125
0 0.73203125 0.2546875 0.2375 0.37265625
0 0.66953125 0.26640625 0.13203125 0.35
0 0.58671875 0.2890625 0.2515625 0.396875
0 0.521875 0.31640625 0.175 0.3421875
0 0.67890625 0.06875 0.0484375 0.09296875
0 0.4859375 0.0828125 0.0671875 0.1515625
0 0.59765625 0.10703125 0.05859375 0.1515625
0 0.46171875 0.11953125 0.1109375 0.20859375
0 0.88046875 0.12421875 0.05 0.15078125
0 0.58828125 0.128125 0.06953125 0.11953125
0 0.44765625 0.15234375 0.07890625 0.16875
0 0.125 0.60390625 0.07890625 0.146875
0 0.28671875 0.76640625 0.1234375 0.3890625
0 0.26640625 0.78203125 0.1640625 0.4328125
0 0.08515625 0.79375 0.1703125 0.409375
0 0.08125 0.8046875 0.1625 0.3875
0 0.07890625 0.57265625 0.1578125 0.1671875
0 0.228125 0.57109375 0.1125 0.1640625
0 0.03203125 0.5734375 0.0640625 0.140625
0 0.26796875 0.5734375 0.0421875 0.12578125
0 0.2078125 0.584375 0.06171875 0.14375
0 0.9453125 0.59765625 0.05703125 0.10390625
0 0.52421875 0.60625 0.06796875 0.1078125
0 0.48203125 0.63984375 0.06328125 0.1078125
0 0.42421875 0.64296875 0.07265625 0.153125
0 0.378125 0.64765625 0.05625 0.1578125
0 0.67421875 0.68046875 0.090625 0.1515625
0 0.61640625 0.7375 0.08671875 0.1515625
0 0.56171875 0.81796875 0.1140625 0.2046875