0 0.36328125 0.1125 0.06875 0.17734375
0 0.31796875 0.1390625 0.06640625 0.19140625
0 0.271875 0.153125 0.0640625 0.1765625
0 0.19609375 0.178125 0.096875 0.1828125
0 0.07109375 0.24140625 0.11171875 0.209375
0 0.01953125 0.2765625 0.0390625 0.18125
0 0.7609375 0.0359375 0.09375 0.071875
0 0.8140625 0.08125 0.121875 0.1625
0 0.928125 0.16328125 0.140625 0.3265625
0 0.21875 0.78203125 0.1390625 0.21015625
0 0.32734375 0.83359375 0.1421875 0.3296875
0 0.14296875 0.67109375 0.10390625 0.20859375
0 0.04921875 0.68515625 0.0984375 0.1890625
0 0.55078125 0.58671875 0.3015625 0.4359375