0 0.278125 0.17578125 0.1296875 0.2328125
0 0.21484375 0.2328125 0.2375 0.37265625
0 0.15234375 0.24453125 0.13203125 0.35
0 0.09765625 0.2734375 0.1953125 0.409375
0 0.04609375 0.30078125 0.0921875 0.3546875
0 0.16171875 0.046875 0.0484375 0.09296875
0 0.08046875 0.08515625 0.05859375 0.1515625
0 0.36328125 0.10234375 0.05 0.15078125
0 0.07109375 0.10625 0.06953125 0.11953125
0 0.8890625 0.084375 0.1375 0.16875
0 0.46640625 0.64296875 0.06484375 0.14296875
0 0.40703125 0.65859375 0.059375 0.1546875
0 0.35234375 0.6765625 0.06484375 0.15234375
0 0.30078125 0.7046875 0.0703125 0.146875
0 0.578125 0.71328125 0.040625 0.1859375
0 0.23984375 0.75 0.0984375 0.19453125
0 0.11875 0.77421875 0.1234375 0.23125
0 0.546875 0.7890625 0.103125 0.23125
0 0.03828125 0.834375 0.0765625 0.25625
0 0.49296875 0.87421875 0.1203125 0.2484375
0 0.96875 0.72734375 0.059375 0.1078125
0 0.9171875 0.740625 0.05859375 0.12734375
0 0.8796875 0.75390625 0.0546875 0.12734375
0 0.83515625 0.7625 0.046875 0.1328125
0 0.784375 0.79140625 0.071875 0.1453125
0 0.6765625 0.815625 0.11796875 0.17890625
0 0.62265625 0.85390625 0.0453125 0.1734375
0 0.978125 0.88203125 0.040625 0.1921875