0 0.0734375 0.46875 0.09609375 0.22734375
0 0.17421875 0.5046875 0.11875 0.3359375
0 0.3546875 0.53984375 0.165625 0.2953125
0 0.02109375 0.35859375 0.0421875 0.2265625
0 0.875 0.3234375 0.059375 0.11953125
0 0.82890625 0.33515625 0.0453125 0.1078125
0 0.73671875 0.3359375 0.0671875 0.20625
0 0.78671875 0.3390625 0.05625 0.16171875
0 0.678125 0.3546875 0.08203125 0.20234375
0 0.9828125 0.36484375 0.03125 0.1828125
0 0.965625 0.40078125 0.0625 0.18125
0 0.58515625 0.40390625 0.09765625 0.20078125
0 0.496875 0.4515625 0.11171875 0.21015625
0 0.92265625 0.47109375 0.08515625 0.17578125
0 0.31796875 0.94609375 0.0609375 0.1046875
0 0.265625 0.94765625 0.059375 0.1015625
0 0.228125 0.95390625 0.05625 0.0890625
0 0.18359375 0.95703125 0.0484375 0.0828125
0 0.13359375 0.96875 0.0734375 0.059375
0 0.0421875 0.971875 0.084375 0.053125
0 0.584375 0.7484375 0.1375 0.11875