0 0.17109375 0.26171875 0.15234375 0.11328125
0 0.315625 0.28671875 0.065625 0.1578125
0 0.790625 0.21640625 0.0578125 0.13984375
0 0.946875 0.21875 0.06015625 0.165625
0 0.7421875 0.2203125 0.04921875 0.12734375
0 0.696875 0.22890625 0.05 0.14765625
0 0.65625 0.25 0.06328125 0.159375
0 0.5984375 0.2578125 0.0875 0.1875
0 0.90703125 0.26328125 0.0515625 0.1609375
0 0.49765625 0.28359375 0.090625 0.175
0 0.8734375 0.296875 0.0765625 0.1890625
0 0.40859375 0.33984375 0.1171875 0.2015625
0 0.8296875 0.35390625 0.0921875 0.2015625
0 0.85859375 0.8859375 0.08671875 0.21796875
0 0.3765625 0.87578125 0.053125 0.2453125
0 0.72734375 0.90390625 0.1796875 0.1890625
0 0.51953125 0.92734375 0.2453125 0.1421875
0 0.671875 0.81796875 0.115625 0.16015625