0 0.3203125 0.1859375 0.13125 0.14375
0 0.0765625 0.203125 0.09375 0.109375
0 0.37578125 0.16953125 0.2046875 0.1765625
0 0.06875 0.19609375 0.121875 0.1234375
0 0.43828125 0.19140625 0.0796875 0.1328125
0 0.909375 0.03046875 0.10625 0.0609375
0 0.8 0.0625 0.1 0.125
0 0.684375 0.12890625 0.1625 0.2578125
0 0.4484375 0.5703125 0.059375 0.184375
0 0.11640625 0.5734375 0.0703125 0.19140625
0 0.1734375 0.61484375 0.06171875 0.17890625
0 0.321875 0.75078125 0.24921875 0.41953125
0 0.8921875 0.609375 0.04453125 0.12109375
0 0.94375 0.61328125 0.0625 0.09765625
0 0.8546875 0.63671875 0.046875 0.12890625
0 0.79296875 0.66640625 0.07109375 0.1390625
0 0.6921875 0.71171875 0.09765625 0.14296875
0 0.6109375 0.74921875 0.10390625 0.18671875