0 0.70625 0.11796875 0.059375 0.1078125
0 0.6546875 0.13125 0.05859375 0.12734375
0 0.6171875 0.14453125 0.0546875 0.12734375
0 0.57265625 0.153125 0.046875 0.1328125
0 0.521875 0.18203125 0.071875 0.1453125
0 0.846875 0.184375 0.0859375 0.153125
0 0.4140625 0.20625 0.11796875 0.17890625
0 0.80078125 0.21953125 0.0859375 0.1796875
0 0.3359375 0.24453125 0.0921875 0.17109375
0 0.74765625 0.27265625 0.10390625 0.190625
0 0.1171875 0.61796875 0.140625 0.1984375
0 0.22109375 0.75859375 0.1328125 0.4796875
0 0.046875 0.5625 0.09375 0.0875
0 0.49375 0.93671875 0.13125 0.1234375
0 0.57265625 0.9203125 0.2515625 0.15625
0 0.64375 0.9421875 0.14375 0.1125