0 0.03984375 0.1125 0.0796875 0.225
0 0.13203125 0.1578125 0.1203125 0.315625
0 0.31875 0.27265625 0.178125 0.4765625
0 0.66875 0.1171875 0.0875 0.234375
0 0.54609375 0.23671875 0.15546875 0.38828125
0 0.52890625 0.26328125 0.2046875 0.45234375
0 0.5140625 0.03828125 0.04375 0.0765625
0 0.4703125 0.06171875 0.1125 0.1234375
0 0.45 0.0640625 0.0625 0.128125
0 0.7015625 0.08125 0.0625 0.1625
0 0.0171875 0.8515625 0.034375 0.109375
0 0.3984375 0.91171875 0.01875 0.1703125
0 0.14375 0.9171875 0.0859375 0.153125
0 0.0984375 0.93046875 0.0875 0.1359375
0 0.0484375 0.95390625 0.096875 0.0890625
0 0.8796875 0.91015625 0.059375 0.1078125
0 0.828125 0.9234375 0.05859375 0.12734375
0 0.790625 0.93515625 0.05625 0.1265625
0 0.74609375 0.93828125 0.0484375 0.1203125
0 0.69609375 0.95 0.0734375 0.096875
0 0.5875 0.953125 0.11875 0.090625
0 0.96484375 0.96015625 0.0671875 0.0765625
0 0.509375 0.97421875 0.09375 0.0484375