0 0.3234375 0.08671875 0.059375 0.1078125
0 0.271875 0.1 0.05859375 0.12734375
0 0.234375 0.11328125 0.0546875 0.12734375
0 0.18984375 0.121875 0.046875 0.1328125
0 0.1390625 0.15078125 0.071875 0.1453125
0 0.4640625 0.153125 0.0859375 0.153125
0 0.0453125 0.175 0.090625 0.18125
0 0.41796875 0.18828125 0.0859375 0.1796875
0 0.36484375 0.24140625 0.10390625 0.190625
0 0.3578125 0.24765625 0.1109375 0.190625
0 0.9828125 0.43359375 0.03125 0.1296875
0 0.95078125 0.4421875 0.046875 0.1328125
0 0.9 0.47109375 0.071875 0.1453125
0 0.7921875 0.4859375 0.11875 0.1625
0 0.73984375 0.50703125 0.0421875 0.1203125
0 0.2203125 0.88125 0.440625 0.234375
0 0.77734375 0.715625 0.1171875 0.29375
0 0.9359375 0.6921875 0.1125 0.246875