0 0.278125 0.10703125 0.059375 0.1078125
0 0.2265625 0.1203125 0.05859375 0.12734375
0 0.1890625 0.13359375 0.0546875 0.12734375
0 0.14453125 0.1421875 0.046875 0.1328125
0 0.09375 0.17109375 0.071875 0.1453125
0 0.41875 0.1734375 0.0859375 0.153125
0 0.02265625 0.18125 0.0453125 0.153125
0 0.3734375 0.18828125 0.0875 0.1390625
0 0.31953125 0.21171875 0.1046875 0.0921875
0 0.70859375 0.059375 0.1796875 0.11875
0 0.65703125 0.11171875 0.0765625 0.2234375
0 0.2703125 0.63828125 0.1390625 0.21015625
0 0.4625 0.76171875 0.309375 0.4734375
0 0.19453125 0.52734375 0.10390625 0.20859375
0 0.08203125 0.54140625 0.13515625 0.1875
0 0.97421875 0.6078125 0.046875 0.1328125
0 0.9234375 0.63671875 0.071875 0.1453125
0 0.815625 0.6609375 0.11796875 0.17890625
0 0.7375 0.69921875 0.0921875 0.17109375