0 0.0171875 0.29609375 0.034375 0.1234375
0 0.065625 0.31015625 0.09375 0.0953125
0 0.11875 0.31875 0.121875 0.078125
0 0.5890625 0.1640625 0.09609375 0.22734375
0 0.68984375 0.19453125 0.1203125 0.3265625
0 0.878125 0.22265625 0.18125 0.2703125
0 0.365625 0.05078125 0.1125 0.1015625
0 0.496875 0.08359375 0.121875 0.1671875
0 0.1796875 0.49921875 0.0671875 0.16171875
0 0.21640625 0.5359375 0.0640625 0.25
0 0.728125 0.78984375 0.059375 0.1078125
0 0.6765625 0.803125 0.05859375 0.12734375
0 0.6390625 0.81640625 0.0546875 0.12734375
0 0.59453125 0.825 0.046875 0.1328125
0 0.54375 0.85390625 0.071875 0.1453125
0 0.86875 0.85625 0.0859375 0.153125
0 0.4359375 0.878125 0.11796875 0.17890625
0 0.82265625 0.89140625 0.0859375 0.1796875
0 0.3578125 0.9140625 0.09375 0.16875
0 0.76953125 0.9234375 0.1046875 0.15