0 0.27890625 0.0140625 0.0609375 0.028125
0 0.4890625 0.025 0.065625 0.05
0 0.2296875 0.02890625 0.046875 0.0578125
0 0.18671875 0.0421875 0.0640625 0.084375
0 0.45546875 0.04375 0.0546875 0.0875
0 0.1140625 0.06015625 0.065625 0.1203125
0 0.415625 0.06875 0.0578125 0.1359375
0 0.01875 0.07734375 0.0375 0.1546875
0 0.375 0.11875 0.08125 0.1375
0 0.9171875 0.0234375 0.0875 0.046875
0 0.871875 0.04765625 0.0875 0.0953125
0 0.81796875 0.0765625 0.1046875 0.153125
0 0.1703125 0.7796875 0.09609375 0.22734375
0 0.27109375 0.815625 0.11875 0.3359375
0 0.459375 0.85078125 0.18125 0.2953125
0 0.07734375 0.66875 0.1203125 0.225
0 0.86484375 0.48515625 0.06484375 0.16328125
0 0.7921875 0.5359375 0.071875 0.16953125
0 0.721875 0.54765625 0.065625 0.2453125
0 0.9875 0.5859375 0.021875 0.275
0 0.9109375 0.6875 0.16015625 0.42421875