0 0.1 0.0984375 0.1375 0.196875
0 0.99296875 0.290625 0.0109375 0.115625
0 0.53984375 0.3125 0.05234375 0.0875
0 0.6921875 0.321875 0.06328125 0.11484375
0 0.4578125 0.3296875 0.04453125 0.1296875
0 0.9671875 0.33515625 0.0625 0.1109375
0 0.4953125 0.3390625 0.05859375 0.103125
0 0.4125 0.3546875 0.0625 0.14140625
0 0.66171875 0.35859375 0.053125 0.12890625
0 0.6234375 0.40390625 0.0578125 0.1359375
0 0.58828125 0.44921875 0.0828125 0.1359375
0 0.0609375 0.60625 0.059375 0.11953125
0 0.01953125 0.61875 0.0390625 0.109375
0 0.20234375 0.646875 0.09765625 0.18125
0 0.1515625 0.68359375 0.0625 0.18125
0 0.10859375 0.75390625 0.08515625 0.17578125
0 0.81953125 0.58984375 0.2390625 0.1421875
0 0.75703125 0.58984375 0.1328125 0.1421875
0 0.67421875 0.63203125 0.2515625 0.2265625
0 0.609375 0.684375 0.175 0.33125