0 0.16328125 0.37734375 0.05234375 0.0875
0 0.11015625 0.39375 0.05859375 0.103125
0 0.3203125 0.41015625 0.06328125 0.11484375
0 0.0609375 0.4109375 0.04453125 0.1296875
0 0.025 0.43125 0.05 0.14375
0 0.2859375 0.440625 0.053125 0.12890625
0 0.246875 0.4875 0.0578125 0.1359375
0 0.20703125 0.51796875 0.0828125 0.0984375
0 0.8578125 0.2546875 0.09609375 0.22734375
0 0.9484375 0.290625 0.1 0.3375
0 0.634375 0.1109375 0.1109375 0.16171875
0 0.76484375 0.14375 0.1203125 0.225
0 0.17109375 0.95234375 0.2796875 0.0921875
0 0.8484375 0.88828125 0.07890625 0.146875
0 0.62421875 0.92109375 0.1234375 0.1546875
0 0.7953125 0.9359375 0.196875 0.125
0 0.8046875 0.946875 0.1625 0.103125
0 0.7875 0.8328125 0.1859375 0.2125
0 0.946875 0.8515625 0.103125 0.171875
0 0.7453125 0.8578125 0.08203125 0.1390625
0 0.984375 0.8578125 0.028125 0.128125
0 0.93125 0.86875 0.06171875 0.14375