0 0.41171875 0.04453125 0.0921875 0.0890625
0 0.5015625 0.32421875 0.07890625 0.146875
0 0.803125 0.32109375 0.0875 0.1546875
0 0.68046875 0.3453125 0.1578125 0.10625
0 0.6640625 0.3421875 0.20625 0.1125
0 0.496875 0.26953125 0.075 0.2140625
0 0.6046875 0.2875 0.11015625 0.17109375
0 0.64453125 0.29375 0.0421875 0.12578125
0 0.584375 0.3046875 0.06171875 0.14375
0 0.8359375 0.31328125 0.0625 0.1703125
0 0.08984375 0.6921875 0.071875 0.10234375
0 0.01171875 0.70390625 0.0234375 0.1890625
0 0.24921875 0.70859375 0.08671875 0.16171875
0 0.04296875 0.709375 0.07109375 0.125
0 0.221875 0.7625 0.10625 0.1734375
0 0.178125 0.7734375 0.1078125 0.11015625
0 0.12578125 0.82890625 0.125 0.15625
0 0.765625 0.45625 0.08125 0.1125
0 0.54140625 0.49921875 0.1234375 0.1984375
0 0.93203125 0.60078125 0.1328125 0.3890625
0 0.91171875 0.62734375 0.1734375 0.4546875
0 0.7125 0.66796875 0.19609375 0.4875
0 0.72109375 0.6703125 0.1609375 0.4484375
0 0.7046875 0.4453125 0.1875 0.090625
0 0.86875 0.44375 0.1125 0.0875
0 0.6625 0.4390625 0.084375 0.078125
0 0.909375 0.4359375 0.04375 0.071875
0 0.8484375 0.44609375 0.0625 0.0921875