0 0.30625 0.11640625 0.13125 0.2328125
0 0.0625 0.10859375 0.09375 0.2171875
0 0.38515625 0.146875 0.2515625 0.29375
0 0.0578125 0.13046875 0.115625 0.2609375
0 0.45625 0.15234375 0.14375 0.3046875
0 0.84765625 0.09140625 0.1234375 0.1828125
0 0.959375 0.25234375 0.078125 0.4890625
0 0.97265625 0.2546875 0.0515625 0.45
0 0.9625 0.03125 0.071875 0.0625
0 0.7046875 0.79765625 0.025 0.1046875
0 0.30078125 0.80625 0.06796875 0.1078125
0 0.25859375 0.83984375 0.06328125 0.1078125
0 0.20078125 0.84296875 0.07265625 0.153125
0 0.146875 0.84765625 0.07109375 0.15546875
0 0.45078125 0.88046875 0.090625 0.1515625
0 0.084375 0.903125 0.07578125 0.18359375
0 0.39296875 0.9296875 0.0890625 0.1375
0 0.3390625 0.95703125 0.115625 0.0828125
0 0.98046875 0.8875 0.0359375 0.128125
0 0.9546875 0.90078125 0.0546875 0.12734375
0 0.91015625 0.909375 0.046875 0.1328125
0 0.86015625 0.93203125 0.0734375 0.1328125
0 0.76484375 0.93515625 0.0921875 0.1265625