0 0.12421875 0.0375 0.0546875 0.075
0 0.07109375 0.05 0.0609375 0.1
0 0.28125 0.06328125 0.06328125 0.11484375
0 0.02265625 0.06484375 0.0453125 0.1296875
0 0.246875 0.09375 0.053125 0.12890625
0 0.2078125 0.140625 0.0578125 0.1359375
0 0.1671875 0.190625 0.08125 0.1375
0 0.9640625 0.03203125 0.06875 0.0640625
0 0.43359375 0.03046875 0.0734375 0.0609375
0 0.50546875 0.04765625 0.0640625 0.0953125
0 0.57265625 0.0921875 0.1078125 0.184375
0 0.6984375 0.17578125 0.121875 0.3515625
0 0.0296875 0.75703125 0.059375 0.1078125
0 0.1703125 0.8234375 0.0859375 0.153125
0 0.12421875 0.85859375 0.0859375 0.1796875
0 0.07109375 0.90703125 0.1046875 0.1828125
0 0.625 0.54296875 0.07890625 0.146875
0 0.9265625 0.5859375 0.0875 0.234375
0 0.415625 0.60078125 0.09375 0.2046875
0 0.80390625 0.70546875 0.15546875 0.38828125
0 0.78671875 0.73203125 0.2046875 0.45234375
0 0.571875 0.76328125 0.196875 0.4703125
0 0.58046875 0.775 0.1609375 0.4484375
0 0.5640625 0.53203125 0.1875 0.1265625
0 0.728125 0.53046875 0.1125 0.1234375
0 0.521875 0.52578125 0.084375 0.1140625
0 0.76875 0.52265625 0.04375 0.1078125
0 0.7078125 0.5328125 0.0625 0.128125
0 0.959375 0.55 0.0625 0.1625