0 0.27421875 0.3109375 0.0671875 0.146875
0 0.16875 0.334375 0.11796875 0.17890625
0 0.090625 0.37265625 0.0921875 0.17109375
0 0.72734375 0.32265625 0.05234375 0.0875
0 0.67421875 0.3390625 0.05859375 0.103125
0 0.884375 0.35546875 0.06328125 0.11484375
0 0.625 0.35625 0.04453125 0.1296875
0 0.58125 0.3765625 0.0625 0.14140625
0 0.85 0.3859375 0.053125 0.12890625
0 0.509375 0.40234375 0.06484375 0.16171875
0 0.8109375 0.4328125 0.0578125 0.1359375
0 0.3859375 0.43984375 0.0921875 0.15546875
0 0.7703125 0.4828125 0.08125 0.1375
0 0.2328125 0.81640625 0.059375 0.1078125
0 0.18125 0.8296875 0.05859375 0.12734375
0 0.14375 0.84296875 0.0546875 0.12734375
0 0.09921875 0.8515625 0.046875 0.1328125
0 0.0484375 0.88046875 0.071875 0.1453125
0 0.29609375 0.91328125 0.0234375 0.1703125
0 0.26484375 0.93671875 0.0859375 0.1234375
0 0.3671875 0.87109375 0.115625 0.2546875
0 0.66640625 0.86875 0.2796875 0.259375