0 0.1109375 0.13046875 0.07890625 0.146875
0 0.4125 0.16953125 0.0859375 0.2390625
0 0.28984375 0.2828125 0.1578125 0.36875
0 0.2734375 0.2796875 0.20625 0.375
0 0.078125 0.29140625 0.15625 0.3515625
0 0.07421875 0.30234375 0.1484375 0.3296875
0 0.25703125 0.06875 0.0421875 0.12578125
0 0.071875 0.09140625 0.14375 0.1828125
0 0.234375 0.08515625 0.1046875 0.13515625
0 0.08046875 0.096875 0.1609375 0.19375
0 0.2140625 0.09375 0.11015625 0.17109375
0 0.025 0.1 0.05 0.140625
0 0.19375 0.1109375 0.06171875 0.14375
0 0.44453125 0.12578125 0.0609375 0.1828125
0 0.8890625 0.290625 0.09609375 0.22734375
0 0.9640625 0.3125 0.06875 0.309375
0 0.665625 0.146875 0.1109375 0.16171875
0 0.79609375 0.1796875 0.1203125 0.225
0 0.14453125 0.5171875 0.0609375 0.096875
0 0.0921875 0.528125 0.059375 0.11875
0 0.0546875 0.53671875 0.0546875 0.12734375
0 0.0171875 0.5453125 0.034375 0.134375
0 0.284375 0.5765625 0.0859375 0.153125
0 0.23828125 0.61171875 0.0859375 0.1796875
0 0.18515625 0.66484375 0.10390625 0.190625
0 0.85546875 0.946875 0.2765625 0.103125