0 0.2375 0.38515625 0.059375 0.1078125
0 0.1859375 0.3984375 0.05859375 0.12734375
0 0.1484375 0.41171875 0.0546875 0.12734375
0 0.10390625 0.4203125 0.046875 0.1328125
0 0.053125 0.44921875 0.071875 0.1453125
0 0.378125 0.4515625 0.0859375 0.153125
0 0.33203125 0.48671875 0.0859375 0.1796875
0 0.27890625 0.53984375 0.10390625 0.190625
0 0.6921875 0.29296875 0.33125 0.37578125
0 0.23828125 0.95625 0.3859375 0.084375
0 0.13515625 0.8875 0.1328125 0.096875
0 0.57109375 0.91875 0.1640625 0.159375
0 0.5984375 0.91875 0.14375 0.159375
0 0.91875 0.91875 0.14375 0.159375