0 0.25546875 0.11796875 0.06484375 0.16328125
0 0.1828125 0.16875 0.071875 0.16953125
0 0.10078125 0.18046875 0.08671875 0.24453125
0 0.29375 0.24296875 0.146875 0.2703125
0 0.64921875 0.02890625 0.0734375 0.0578125
0 0.72109375 0.04609375 0.0640625 0.0921875
0 0.78828125 0.090625 0.1078125 0.18125
0 0.9140625 0.17421875 0.121875 0.3484375
0 0.29765625 0.646875 0.0671875 0.20625
0 0.34296875 0.65 0.0484375 0.1625
0 0.2390625 0.665625 0.08203125 0.20234375
0 0.14609375 0.71484375 0.09765625 0.20078125
0 0.0578125 0.7625 0.11171875 0.21015625
0 0.52734375 0.778125 0.0625 0.146875
0 0.425 0.79140625 0.0703125 0.25859375
0 0.4796875 0.79140625 0.06171875 0.19296875
0 0.74921875 0.81328125 0.06875 0.221875
0 0.7078125 0.84453125 0.07109375 0.21796875
0 0.38984375 0.8484375 0.0421875 0.3
0 0.671875 0.884375 0.0796875 0.2125
0 0.6109375 0.91796875 0.14375 0.1609375