0 0.11171875 0.04140625 0.1359375 0.0828125
0 0.97421875 0.08828125 0.0484375 0.1703125
0 0.7046875 0.09375 0.0859375 0.153125
0 0.65859375 0.12890625 0.0859375 0.1796875
0 0.6234375 0.18203125 0.06875 0.1921875
0 0.43671875 0.74921875 0.096875 0.25703125
0 0.1984375 0.79296875 0.16875 0.390625
0 0.6734375 0.89765625 0.059375 0.1078125
0 0.621875 0.9109375 0.05859375 0.12734375
0 0.60078125 0.92421875 0.0234375 0.1296875
0 0.8140625 0.94296875 0.0875 0.1109375
0 0.76875 0.95390625 0.0875 0.0890625
0 0.71484375 0.97734375 0.1046875 0.0421875