0 0.2765625 0.46015625 0.059375 0.1078125
0 0.225 0.4734375 0.05859375 0.12734375
0 0.1875 0.48671875 0.0546875 0.12734375
0 0.14296875 0.4953125 0.046875 0.1328125
0 0.09296875 0.51484375 0.0734375 0.1265625
0 0.4171875 0.5140625 0.0875 0.128125
0 0.021875 0.51796875 0.04375 0.1203125
0 0.371875 0.525 0.0875 0.10625
0 0.31796875 0.5484375 0.1046875 0.059375
0 0.71328125 0.34609375 0.06484375 0.16328125
0 0.65390625 0.396875 0.0484375 0.171875
0 0.96484375 0.41015625 0.0671875 0.2203125
0 0.875 0.44375 0.1 0.26875
0 0.759375 0.45703125 0.1625 0.2421875
0 0.86171875 0.28515625 0.03046875 0.0796875
0 0.05 0.79609375 0.07890625 0.146875
0 0.3515625 0.83515625 0.0859375 0.2390625
0 0.22890625 0.88125 0.1578125 0.234375
0 0.2125 0.878125 0.20625 0.240625
0 0.04765625 0.88984375 0.0953125 0.2171875
0 0.04375 0.90078125 0.0875 0.1953125
0 0.19609375 0.734375 0.0421875 0.12578125
0 0.04140625 0.74140625 0.0828125 0.2140625
0 0.153125 0.759375 0.11015625 0.17109375
0 0.1328125 0.7765625 0.06171875 0.14375
0 0.38359375 0.79140625 0.0609375 0.1828125
0 0.7984375 0.88515625 0.07890625 0.146875
0 0.9484375 0.92578125 0.1 0.1453125
0 0.928125 0.92265625 0.140625 0.1515625
0 0.7453125 0.934375 0.196875 0.128125
0 0.7546875 0.9453125 0.1625 0.10625
0 0.94453125 0.8234375 0.0421875 0.12578125
0 0.7375 0.8296875 0.1859375 0.2125
0 0.921875 0.83984375 0.1046875 0.13515625
0 0.75 0.8453125 0.19609375 0.203125
0 0.9015625 0.8484375 0.11015625 0.17109375
0 0.6953125 0.8546875 0.08203125 0.1390625
0 0.88125 0.865625 0.06171875 0.14375