0 0.1375 0.4796875 0.13125 0.115625
0 0.21640625 0.46328125 0.2515625 0.1484375
0 0.2875 0.48515625 0.14375 0.1046875
0 0.85 0.16328125 0.1296875 0.2328125
0 0.78671875 0.2203125 0.2375 0.37265625
0 0.72421875 0.23203125 0.13203125 0.35
0 0.64140625 0.2734375 0.24921875 0.434375
0 0.58203125 0.32421875 0.1640625 0.4265625
0 0.734375 0.040625 0.05 0.08125
0 0.540625 0.0625 0.06875 0.125
0 0.65234375 0.075 0.0609375 0.15
0 0.53671875 0.0953125 0.0734375 0.190625
0 0.93515625 0.08984375 0.05 0.15078125
0 0.64296875 0.09375 0.06953125 0.11953125
0 0.52109375 0.11796875 0.0421875 0.1703125
0 0.14453125 0.59453125 0.1109375 0.1109375
0 0.128125 0.596875 0.121875 0.115625
0 0.46171875 0.659375 0.0734375 0.240625
0 0.390625 0.7015625 0.215625 0.325
0 0.34375 0.75390625 0.175 0.4296875
0 0.26953125 0.55703125 0.0796875 0.0359375
0 0.721875 0.76640625 0.09296875 0.1515625
0 0.88203125 0.7984375 0.0875 0.24140625
0 0.96640625 0.81875 0.0640625 0.21875
0 0.52578125 0.871875 0.0515625 0.253125
0 0.625 0.90546875 0.159375 0.1859375