0 0.02890625 0.06953125 0.0578125 0.1390625
0 0.05703125 0.25703125 0.1140625 0.2984375
0 0.55546875 0.05625 0.0640625 0.1125
0 0.453125 0.090625 0.071875 0.18125
0 0.5078125 0.07421875 0.0625 0.1484375
0 0.77734375 0.0921875 0.0703125 0.184375
0 0.7359375 0.10703125 0.071875 0.2140625
0 0.3859375 0.13515625 0.10625 0.2703125
0 0.7 0.14375 0.0796875 0.2125
0 0.275 0.16015625 0.103125 0.3203125
0 0.6390625 0.2515625 0.1421875 0.30859375
0 0.10703125 0.73046875 0.2140625 0.3828125
0 0.63359375 0.9703125 0.0609375 0.05625
0 0.58125 0.971875 0.059375 0.053125
0 0.54375 0.978125 0.05625 0.040625
0 0.49921875 0.98125 0.0484375 0.034375