0 0.26875 0.2453125 0.12890625 0.27421875
0 0.0359375 0.2546875 0.071875 0.225
0 0.3046875 0.259375 0.165625 0.36875
0 0.0390625 0.26953125 0.078125 0.2828125
0 0.3671875 0.28671875 0.040625 0.3359375
0 0.640625 0.19921875 0.07890625 0.146875
0 0.9421875 0.23828125 0.0859375 0.2390625
0 0.43359375 0.25703125 0.0890625 0.2046875
0 0.81953125 0.3375 0.1578125 0.340625
0 0.803125 0.334375 0.20625 0.346875
0 0.5875 0.34609375 0.196875 0.3234375
0 0.596875 0.35703125 0.1625 0.3015625
0 0.5796875 0.14375 0.1859375 0.2125
0 0.74375 0.1625 0.11015625 0.17109375
0 0.5375 0.16875 0.08203125 0.1390625
0 0.78359375 0.16875 0.0421875 0.12578125
0 0.7234375 0.1796875 0.06171875 0.14375
0 0.97109375 0.1953125 0.0546875 0.184375
0 0.02890625 0.6890625 0.0578125 0.334375
0 0.1953125 0.70234375 0.228125 0.3859375
0 0.62734375 0.971875 0.0609375 0.053125
0 0.575 0.9734375 0.059375 0.05
0 0.5375 0.9796875 0.05625 0.0375
0 0.49296875 0.9828125 0.0484375 0.03125