0 0.5265625 0.37890625 0.059375 0.1078125
0 0.475 0.3921875 0.05859375 0.12734375
0 0.4375 0.40546875 0.0546875 0.12734375
0 0.39296875 0.4140625 0.046875 0.1328125
0 0.3421875 0.44296875 0.071875 0.1453125
0 0.234375 0.4671875 0.11796875 0.17890625
0 0.59296875 0.48125 0.0296875 0.18125
0 0.15625 0.50546875 0.0921875 0.17109375
0 0.56171875 0.52734375 0.0921875 0.1796875
0 0.55625 0.53046875 0.103125 0.1734375
0 0.671875 0.3359375 0.125 0.275
0 0.74765625 0.35 0.25078125 0.36640625
0 0.81875 0.3765625 0.14140625 0.334375
0 0.46015625 0.89453125 0.05234375 0.0875
0 0.40703125 0.9109375 0.05859375 0.103125
0 0.59609375 0.92734375 0.0234375 0.1171875
0 0.3578125 0.928125 0.04453125 0.1296875
0 0.31484375 0.9375 0.0640625 0.121875
0 0.58203125 0.9453125 0.0515625 0.10625
0 0.2421875 0.9453125 0.065625 0.10625
0 0.54375 0.9671875 0.059375 0.0625
0 0.11875 0.965625 0.09375 0.065625
0 0.86953125 0.73125 0.1578125 0.225
0 0.853125 0.7609375 0.20625 0.284375
0 0.67265625 0.78984375 0.1265625 0.3421875
0 0.66875 0.78125 0.11875 0.325