0 0.2734375 0.01640625 0.08125 0.0328125
0 0.05546875 0.059375 0.1109375 0.11875
0 0.43046875 0.1578125 0.1140625 0.315625
0 0.41015625 0.1875 0.1546875 0.375
0 0.2203125 0.21640625 0.196875 0.4328125
0 0.2296875 0.2078125 0.1625 0.415625
0 0.8140625 0.184375 0.12890625 0.27421875
0 0.5703125 0.19375 0.09140625 0.2234375
0 0.8828125 0.1984375 0.23125 0.36875
0 0.5625 0.2078125 0.12109375 0.28125
0 0.9453125 0.22578125 0.10625 0.3359375
0 0.1546875 0.728125 0.12890625 0.27421875
0 0.23359375 0.7421875 0.25078125 0.36640625
0 0.3046875 0.76875 0.14140625 0.334375
0 0.62421875 0.73203125 0.06484375 0.16328125
0 0.5515625 0.7828125 0.071875 0.16953125
0 0.5015625 0.79453125 0.025 0.2453125
0 0.8953125 0.79609375 0.1046875 0.21875
0 0.78515625 0.8328125 0.0984375 0.27421875
0 0.6703125 0.86015625 0.1625 0.2765625
0 0.77265625 0.67109375 0.03046875 0.0796875
0 0.96796875 0.72421875 0.05546875 0.1578125