0 0.265625 0.29921875 0.059375 0.1078125
0 0.2140625 0.3125 0.05859375 0.12734375
0 0.1765625 0.32578125 0.0546875 0.12734375
0 0.13203125 0.334375 0.046875 0.1328125
0 0.08125 0.36328125 0.071875 0.1453125
0 0.40625 0.365625 0.0859375 0.153125
0 0.01640625 0.3875 0.0328125 0.18125
0 0.36015625 0.40078125 0.0859375 0.1796875
0 0.30703125 0.45390625 0.10390625 0.190625
0 0.68515625 0.1671875 0.0515625 0.184375
0 0.7421875 0.2 0.09296875 0.19140625
0 0.7953125 0.25390625 0.11953125 0.26640625
0 0.91875 0.36796875 0.159375 0.3671875
0 0.290625 0.96015625 0.096875 0.0765625
0 0.39140625 0.95078125 0.1203125 0.0953125
0 0.0671875 0.8921875 0.1109375 0.16171875
0 0.1984375 0.90546875 0.121875 0.1859375
0 0.81875 0.96328125 0.13125 0.0703125
0 0.88515625 0.946875 0.2265625 0.103125