0 0.0984375 0.34921875 0.1046875 0.21875
0 0.01953125 0.3859375 0.0390625 0.275
0 0.17109375 0.27734375 0.05546875 0.1578125
0 0.73515625 0.28203125 0.05234375 0.0875
0 0.68203125 0.2984375 0.05859375 0.103125
0 0.8921875 0.31484375 0.06328125 0.11484375
0 0.6328125 0.315625 0.04453125 0.1296875
0 0.5890625 0.3359375 0.0625 0.14140625
0 0.8578125 0.3453125 0.053125 0.12890625
0 0.5171875 0.36171875 0.06484375 0.16171875
0 0.81875 0.3921875 0.0578125 0.1359375
0 0.41484375 0.39921875 0.0515625 0.1578125
0 0.778125 0.4421875 0.08125 0.1375
0 0.01640625 0.871875 0.0328125 0.228125
0 0.08515625 0.86875 0.1203125 0.259375
0 0.2734375 0.896875 0.18125 0.203125
0 0.771875 0.9015625 0.13125 0.19375
0 0.70859375 0.89453125 0.2390625 0.2078125
0 0.64609375 0.90625 0.1328125 0.184375
0 0.56328125 0.90625 0.2515625 0.184375
0 0.4984375 0.93359375 0.175 0.1296875
0 0.65546875 0.7921875 0.0484375 0.09296875
0 0.4625 0.80625 0.0671875 0.1515625
0 0.57421875 0.83046875 0.05859375 0.1515625
0 0.4421875 0.84296875 0.10625 0.2109375
0 0.85703125 0.84765625 0.05 0.15078125
0 0.56484375 0.8515625 0.06953125 0.11953125
0 0.4265625 0.87578125 0.075 0.1703125