0 0.02734375 0.284375 0.0546875 0.121875
0 0.16484375 0.325 0.09765625 0.18125
0 0.446875 0.33125 0.08125 0.20625
0 0.1140625 0.36171875 0.0625 0.18125
0 0.07109375 0.43203125 0.08515625 0.17578125
0 0.5484375 0.3109375 0.11875 0.3375
0 0.7359375 0.3828125 0.18125 0.36875
0 0.10078125 0.66953125 0.1578125 0.2015625
0 0.09375 0.69921875 0.1875 0.2609375
0 0.51796875 0.79140625 0.0578125 0.1484375
0 0.8078125 0.83046875 0.0859375 0.2390625
0 0.68515625 0.87890625 0.1578125 0.2390625
0 0.66875 0.87578125 0.20625 0.2453125
0 0.5140625 0.73671875 0.05 0.2140625
0 0.609375 0.7546875 0.11015625 0.17109375
0 0.64921875 0.7609375 0.0421875 0.12578125
0 0.5890625 0.771875 0.06171875 0.14375
0 0.83984375 0.78671875 0.0609375 0.1828125