0 0.33515625 0.209375 0.0265625 0.109375
0 0.31484375 0.24296875 0.06328125 0.1078125
0 0.25703125 0.24609375 0.07265625 0.153125
0 0.203125 0.25078125 0.07109375 0.15546875
0 0.140625 0.30625 0.07578125 0.18359375
0 0.0375 0.3515625 0.075 0.190625
0 0.625 0.246875 0.21796875 0.30078125
0 0.49140625 0.30859375 0.240625 0.33203125
0 0.378125 0.1765625 0.05625 0.234375
0 0.1109375 0.89609375 0.13125 0.2046875
0 0.18984375 0.8796875 0.2515625 0.2375
0 0.2609375 0.9015625 0.14375 0.19375
0 0.503125 0.87265625 0.07890625 0.146875
0 0.8046875 0.8953125 0.0875 0.20625
0 0.68203125 0.91953125 0.1578125 0.1578125
0 0.665625 0.91640625 0.20625 0.1640625
0 0.45 0.928125 0.196875 0.140625
0 0.459375 0.9390625 0.1625 0.11875
0 0.64921875 0.8109375 0.0421875 0.12578125
0 0.44296875 0.81796875 0.1859375 0.2140625
0 0.60625 0.8359375 0.11015625 0.17109375
0 0.4 0.8421875 0.08203125 0.1390625
0 0.5859375 0.853125 0.06171875 0.14375
0 0.83671875 0.86796875 0.0609375 0.1828125