0 0.303125 0.0484375 0.13125 0.096875
0 0.23984375 0.11171875 0.2390625 0.2234375
0 0.17734375 0.11171875 0.1328125 0.2234375
0 0.11015625 0.15390625 0.2203125 0.3078125
0 0.05859375 0.20625 0.1171875 0.4125
0 0.5359375 0.23671875 0.1125 0.3453125
0 0.721875 0.29375 0.20625 0.328125
0 0.03359375 0.8 0.0671875 0.24375
0 0.4484375 0.8078125 0.059375 0.234375
0 0.028125 0.81328125 0.05625 0.2265625
0 0.38984375 0.8375 0.1765625 0.321875
0 0.35859375 0.84921875 0.1328125 0.2984375
0 0.27578125 0.84921875 0.2515625 0.2984375
0 0.2109375 0.8765625 0.175 0.24375
0 0.36796875 0.678125 0.0484375 0.09296875
0 0.175 0.6921875 0.0671875 0.1515625
0 0.28671875 0.71640625 0.05859375 0.1515625
0 0.15078125 0.72890625 0.1109375 0.20859375
0 0.27734375 0.7375 0.06953125 0.11953125
0 0.13671875 0.76171875 0.07890625 0.16875
0 0.50703125 0.603125 0.0546875 0.275
0 0.5765625 0.63046875 0.19375 0.3421875
0 0.61875 0.64375 0.14140625 0.334375
0 0.9328125 0.7140625 0.13125 0.375