0 0.59765625 0.0875 0.1390625 0.175
0 0.48828125 0.11875 0.1578125 0.2375
0 0.365625 0.1390625 0.159375 0.278125
0 0.28671875 0.0203125 0.1109375 0.040625
0 0.87890625 0.05390625 0.1578125 0.1078125
0 0.8625 0.08359375 0.20625 0.1671875
0 0.515625 0.609375 0.059375 0.11953125
0 0.46953125 0.62109375 0.0453125 0.1078125
0 0.37734375 0.621875 0.0671875 0.20625
0 0.42734375 0.625 0.05625 0.16171875
0 0.31875 0.640625 0.08203125 0.20234375
0 0.6375 0.65078125 0.059375 0.1828125
0 0.60625 0.68671875 0.0625 0.18125
0 0.22578125 0.68984375 0.09765625 0.20078125
0 0.1375 0.7375 0.11171875 0.21015625
0 0.56328125 0.75703125 0.08515625 0.17578125
0 0.9421875 0.52578125 0.1125 0.2578125
0 0.70546875 0.7046875 0.0734375 0.3125