0 0.028125 0.04921875 0.05625 0.0984375
0 0.17109375 0.11796875 0.090625 0.1515625
0 0.11328125 0.175 0.08671875 0.1515625
0 0.05859375 0.25546875 0.1140625 0.2046875
0 0.6078125 0.078125 0.10625 0.15625
0 0.4984375 0.11015625 0.1 0.2203125
0 0.41640625 0.1984375 0.0953125 0.396875
0 0.68046875 0.02734375 0.0578125 0.0546875
0 0.3375 0.7890625 0.059375 0.16875
0 0.0109375 0.81484375 0.021875 0.1921875
0 0.05625 0.8515625 0.053125 0.19140625
0 0.11953125 0.8828125 0.1140625 0.23125
0 0.2515625 0.909375 0.14375 0.178125
0 0.578125 0.55625 0.096875 0.1125
0 0.67890625 0.6015625 0.1203125 0.203125
0 0.8671875 0.69921875 0.18125 0.3984375