0 0.159375 0.46875 0.13125 0.2375
0 0.23828125 0.45234375 0.2515625 0.2703125
0 0.309375 0.47421875 0.14375 0.2265625
0 0.6484375 0.35546875 0.059375 0.1078125
0 0.596875 0.36875 0.05859375 0.12734375
0 0.559375 0.38203125 0.0546875 0.12734375
0 0.51484375 0.390625 0.046875 0.1328125
0 0.4703125 0.4203125 0.0625 0.146875
0 0.7890625 0.421875 0.0859375 0.153125
0 0.74296875 0.45703125 0.0859375 0.1796875
0 0.68984375 0.50078125 0.1046875 0.1734375
0 0.33203125 0.68203125 0.2109375 0.1859375
0 0.28359375 0.68203125 0.1328125 0.1859375
0 0.20078125 0.72421875 0.2515625 0.2703125
0 0.1359375 0.7765625 0.175 0.375
0 0.959375 0.82734375 0.059375 0.1078125
0 0.9078125 0.840625 0.05859375 0.12734375
0 0.8703125 0.85390625 0.0546875 0.12734375
0 0.82578125 0.8625 0.046875 0.1328125
0 0.775 0.89140625 0.071875 0.1453125
0 0.6671875 0.91171875 0.11875 0.1734375
0 0.5890625 0.9328125 0.09375 0.13125
0 0.9734375 0.9421875 0.05 0.1125