0 0.11328125 0.14453125 0.05234375 0.0875
0 0.06015625 0.1609375 0.05859375 0.103125
0 0.2703125 0.17734375 0.06328125 0.11484375
0 0.0171875 0.178125 0.034375 0.13125
0 0.2359375 0.2078125 0.053125 0.12890625
0 0.196875 0.2546875 0.0578125 0.1359375
0 0.15625 0.3046875 0.08125 0.1375
0 0.8265625 0.1125 0.096875 0.225
0 0.92734375 0.1578125 0.1203125 0.315625
0 0.603125 0.02421875 0.1125 0.0484375
0 0.734375 0.05703125 0.121875 0.1140625
0 0.03984375 0.7296875 0.0796875 0.24375
0 0.46953125 0.7375 0.0765625 0.234375
0 0.4109375 0.79375 0.19375 0.375
0 0.37109375 0.80546875 0.13203125 0.35
0 0.28828125 0.8140625 0.2515625 0.36875
0 0.2234375 0.84140625 0.175 0.3140625
0 0.38046875 0.6078125 0.0484375 0.09296875
0 0.1875 0.621875 0.0671875 0.1515625
0 0.29921875 0.64609375 0.05859375 0.1515625
0 0.16328125 0.65859375 0.1109375 0.20859375
0 0.14921875 0.69140625 0.07890625 0.16875
0 0.62421875 0.70859375 0.11171875 0.2640625
0 0.84375 0.7765625 0.309375 0.44375
0 0.55546875 0.5953125 0.0921875 0.228125