0 0.30625 0.2703125 0.12890625 0.27421875
0 0.0625 0.2796875 0.09140625 0.2234375
0 0.38515625 0.284375 0.25078125 0.36640625
0 0.0578125 0.29453125 0.115625 0.2828125
0 0.45625 0.3109375 0.14140625 0.334375
0 0.86796875 0.14921875 0.2609375 0.2984375
0 0.0296875 0.60625 0.059375 0.153125
0 0.296875 0.66484375 0.1046875 0.21875
0 0.18671875 0.7015625 0.0984375 0.27421875
0 0.0765625 0.79453125 0.153125 0.4078125
0 0.17421875 0.55546875 0.0328125 0.0515625
0 0.36953125 0.6015625 0.0578125 0.14375
0 0.65625 0.853125 0.234375 0.290625