0 0.1828125 0.1875 0.04453125 0.12109375
0 0.234375 0.19140625 0.0625 0.09765625
0 0.1453125 0.21484375 0.046875 0.12890625
0 0.08359375 0.24453125 0.07109375 0.1390625
0 0.36953125 0.26171875 0.06171875 0.12734375
0 0.01640625 0.28984375 0.0328125 0.1453125
0 0.31796875 0.3265625 0.09140625 0.17265625
0 0.7953125 0.1578125 0.09609375 0.22734375
0 0.89609375 0.19375 0.11875 0.3359375
0 0.703125 0.08046875 0.121875 0.1609375
0 0.43203125 0.56015625 0.0609375 0.0609375
0 0.3796875 0.57109375 0.059375 0.0828125
0 0.3421875 0.578125 0.05625 0.096875
0 0.29765625 0.58359375 0.0484375 0.1078125
0 0.24765625 0.6015625 0.0734375 0.14375
0 0.56796875 0.6046875 0.0796875 0.15
0 0.1390625 0.6234375 0.11796875 0.17890625
0 0.52578125 0.63671875 0.0859375 0.1796875
0 0.0609375 0.66171875 0.0921875 0.17109375
0 0.47265625 0.68984375 0.10390625 0.190625
0 0.8421875 0.94296875 0.096875 0.1109375
0 0.940625 0.93359375 0.115625 0.1296875
0 0.6421875 0.8578125 0.065625 0.1625
0 0.75 0.88828125 0.121875 0.2203125