0 0.2796875 0.06328125 0.11875 0.1265625
0 0.3984375 0.11953125 0.125 0.2390625
0 0.51796875 0.18671875 0.0609375 0.3734375
0 0.95 0.1140625 0.096875 0.228125
0 0.89140625 0.17734375 0.2140625 0.3546875
0 0.84140625 0.17890625 0.13203125 0.35
0 0.75859375 0.2203125 0.24921875 0.434375
0 0.69375 0.2625 0.175 0.409375
0 0.8515625 0.0140625 0.05 0.028125
0 0.6578125 0.0359375 0.06875 0.071875
0 0.76953125 0.0484375 0.0609375 0.096875
0 0.634375 0.06875 0.1125 0.1375
0 0.78125 0.0484375 0.071875 0.096875
0 0.61953125 0.075 0.0796875 0.15
0 0.4671875 0.93671875 0.059375 0.1078125
0 0.415625 0.9421875 0.059375 0.1125
0 0.378125 0.9484375 0.05625 0.1
0 0.33359375 0.9515625 0.0484375 0.09375
0 0.28359375 0.96328125 0.0734375 0.0703125
0 0.175 0.96640625 0.11875 0.0640625
0 0.6203125 0.7015625 0.09609375 0.22734375
0 0.72109375 0.7375 0.11875 0.3359375
0 0.90859375 0.81171875 0.1796875 0.3734375
0 0.56953125 0.59140625 0.0390625 0.2265625