0 0.02734375 0.378125 0.0546875 0.228125
0 0.10703125 0.3765625 0.1203125 0.2625
0 0.2953125 0.4046875 0.18125 0.20625
0 0.8296875 0.36953125 0.07890625 0.146875
0 0.60546875 0.41640625 0.1234375 0.1828125
0 0.94375 0.41953125 0.109375 0.1765625
0 0.7765625 0.43125 0.196875 0.153125
0 0.7859375 0.4421875 0.1625 0.13125
0 0.76875 0.3140625 0.1859375 0.2125
0 0.9328125 0.3328125 0.11015625 0.17109375
0 0.7265625 0.3390625 0.08203125 0.1390625
0 0.97265625 0.3390625 0.0421875 0.12578125
0 0.9125 0.35 0.06171875 0.14375
0 0.0390625 0.78515625 0.078125 0.1484375
0 0.3390625 0.82421875 0.0859375 0.2390625
0 0.21640625 0.87578125 0.1578125 0.2453125
0 0.2 0.87265625 0.20625 0.2515625
0 0.0375 0.8953125 0.075 0.20625
0 0.18359375 0.7234375 0.0421875 0.12578125
0 0.03515625 0.73046875 0.0703125 0.2140625
0 0.1609375 0.73984375 0.1046875 0.13515625
0 0.04375 0.74609375 0.0875 0.2046875
0 0.140625 0.7484375 0.11015625 0.17109375
0 0.1203125 0.765625 0.06171875 0.14375
0 0.37109375 0.78046875 0.0609375 0.1828125
0 0.525 0.75390625 0.05 0.1484375
0 0.8109375 0.79296875 0.0859375 0.2390625
0 0.68828125 0.86015625 0.1578125 0.2765625
0 0.671875 0.85703125 0.20625 0.2828125
0 0.52109375 0.69921875 0.0421875 0.2140625
0 0.6125 0.7171875 0.11015625 0.17109375
0 0.65234375 0.7234375 0.0421875 0.12578125
0 0.5921875 0.734375 0.06171875 0.14375
0 0.84296875 0.74921875 0.0609375 0.1828125