0 0.265625 0.2140625 0.09609375 0.22734375
0 0.36640625 0.25 0.11875 0.3359375
0 0.04921875 0.07578125 0.0984375 0.1515625
0 0.1734375 0.10859375 0.121875 0.2171875
0 0.6765625 0.05859375 0.1375 0.1171875
0 0.42578125 0.596875 0.1640625 0.15625
0 0.7484375 0.84296875 0.059375 0.1078125
0 0.696875 0.85625 0.05859375 0.12734375
0 0.659375 0.86953125 0.0546875 0.12734375
0 0.61484375 0.878125 0.046875 0.1328125
0 0.5640625 0.90703125 0.071875 0.1453125
0 0.8890625 0.909375 0.0859375 0.153125
0 0.84375 0.9265625 0.0875 0.14375
0 0.78984375 0.95 0.1046875 0.096875