0 0.14296875 0.15234375 0.09140625 0.209375
0 0.25546875 0.16640625 0.1109375 0.2421875
0 0.059375 0.06875 0.11875 0.1375
0 0.728125 0.1828125 0.096875 0.209375
0 0.82890625 0.1734375 0.1203125 0.228125
0 0.6359375 0.09765625 0.121875 0.1953125
0 0.10625 0.559375 0.04765625 0.12890625
0 0.05390625 0.57890625 0.06015625 0.146875
0 0.0203125 0.596875 0.040625 0.140625
0 0.32734375 0.60703125 0.06953125 0.1578125
0 0.2828125 0.62734375 0.04765625 0.1734375
0 0.24296875 0.6671875 0.07109375 0.18671875
0 0.1875 0.75625 0.14453125 0.21640625
0 0.56171875 0.6359375 0.0453125 0.121875
0 0.69453125 0.6765625 0.09765625 0.18125
0 0.9671875 0.6828125 0.0625 0.20625
0 0.64375 0.71328125 0.0625 0.18125
0 0.60078125 0.78359375 0.08515625 0.17578125