0 0.359375 0.25859375 0.1296875 0.2328125
0 0.29609375 0.26328125 0.2390625 0.2703125
0 0.23359375 0.275 0.1328125 0.246875
0 0.15078125 0.275 0.2515625 0.246875
0 0.08671875 0.30234375 0.1734375 0.1921875
0 0.24296875 0.1296875 0.0484375 0.09296875
0 0.05 0.14375 0.0671875 0.1515625
0 0.16171875 0.16796875 0.05859375 0.1515625
0 0.04140625 0.18046875 0.0828125 0.2109375
0 0.44453125 0.18515625 0.05 0.15078125
0 0.15234375 0.1890625 0.06953125 0.11953125
0 0.02578125 0.21328125 0.0515625 0.1703125
0 0.80078125 0.04296875 0.0984375 0.0859375
0 0.74609375 0.0921875 0.1140625 0.184375
0 0.68671875 0.15546875 0.11875 0.24921875
0 0.44375 0.58984375 0.165625 0.3796875
0 0.284375 0.58671875 0.16328125 0.3453125
0 0.11171875 0.6859375 0.178125 0.38203125
0 0.90625 0.70703125 0.07890625 0.146875
0 0.68203125 0.7640625 0.12109375 0.203125
0 0.853125 0.8453125 0.196875 0.30625
0 0.8625 0.85625 0.1625 0.284375
0 0.8453125 0.6515625 0.1859375 0.2125
0 0.97578125 0.6703125 0.0453125 0.171875
0 0.803125 0.6765625 0.08203125 0.1390625
0 0.978125 0.68828125 0.040625 0.1453125