0 0.10078125 0.415625 0.2015625 0.103125
0 0.94921875 0.221875 0.0625 0.146875
0 0.846875 0.23515625 0.0703125 0.25859375
0 0.9015625 0.23515625 0.06171875 0.19296875
0 0.7796875 0.29765625 0.1046875 0.3109375
0 0.66875 0.325 0.103125 0.284375
0 0.56484375 0.35 0.0921875 0.234375
0 0.43359375 0.8125 0.1671875 0.371875
0 0.90390625 0.5953125 0.06796875 0.1078125
0 0.86171875 0.62890625 0.06328125 0.1078125
0 0.80390625 0.63203125 0.07265625 0.153125
0 0.75 0.63671875 0.07109375 0.15546875
0 0.6875 0.6921875 0.07578125 0.18359375
0 0.975 0.7265625 0.046875 0.153125
0 0.5703125 0.7375 0.103125 0.190625
0 0.94140625 0.80703125 0.1140625 0.2046875