0 0.175 0.18359375 0.07890625 0.146875
0 0.4703125 0.2234375 0.075 0.240625
0 0.35390625 0.31484375 0.1578125 0.3265625
0 0.3375 0.31171875 0.20625 0.3328125
0 0.121875 0.3234375 0.196875 0.309375
0 0.13125 0.334375 0.1625 0.2875
0 0.1140625 0.128125 0.1859375 0.2125
0 0.278125 0.146875 0.11015625 0.17109375
0 0.071875 0.153125 0.08203125 0.1390625
0 0.31796875 0.153125 0.0421875 0.12578125
0 0.2578125 0.1640625 0.06171875 0.14375
0 0.49296875 0.1796875 0.0296875 0.184375
0 0.7359375 0.09921875 0.0875 0.1984375
0 0.61328125 0.20078125 0.15546875 0.38828125
0 0.6046875 0.22734375 0.190625 0.4546875
0 0.5515625 0.04375 0.084375 0.0875
0 0.578125 0.0359375 0.04375 0.071875
0 0.52890625 0.04609375 0.0390625 0.0921875
0 0.76875 0.06328125 0.0625 0.1265625
0 0.15625 0.58515625 0.0671875 0.16171875
0 0.21953125 0.621875 0.1171875 0.2484375
0 0.35859375 0.715625 0.14921875 0.31015625
0 0.6265625 0.9125 0.13125 0.171875
0 0.70546875 0.89609375 0.2515625 0.2046875
0 0.7765625 0.91796875 0.14375 0.1609375