0 0.109375 0.0390625 0.13125 0.078125
0 0.0828125 0.10234375 0.165625 0.2046875
0 0.025 0.10234375 0.05 0.2046875
0 0.965625 0.240625 0.065625 0.353125
0 0.85625 0.25234375 0.165625 0.3296875
0 0.68359375 0.2921875 0.1796875 0.25
0 0.04765625 0.82734375 0.0953125 0.3421875
0 0.05625 0.84921875 0.1125 0.2984375
0 0.3609375 0.87421875 0.14375 0.2484375
0 0.79375 0.58125 0.04765625 0.12890625
0 0.74140625 0.60078125 0.06015625 0.146875
0 0.70078125 0.61875 0.0515625 0.1390625
0 0.9890625 0.6296875 0.01875 0.159375
0 0.9703125 0.64921875 0.04765625 0.1734375
0 0.63515625 0.6546875 0.075 0.16171875
0 0.5078125 0.68359375 0.096875 0.1765625
0 0.93046875 0.6890625 0.07109375 0.18671875
0 0.875 0.778125 0.14453125 0.21640625