0 0.4515625 0.37265625 0.059375 0.1078125
0 0.4 0.3859375 0.05859375 0.12734375
0 0.3625 0.39921875 0.0546875 0.12734375
0 0.31796875 0.4078125 0.046875 0.1328125
0 0.2671875 0.43671875 0.071875 0.1453125
0 0.58828125 0.43984375 0.0796875 0.1546875
0 0.159375 0.4609375 0.11796875 0.17890625
0 0.54609375 0.47421875 0.0859375 0.1796875
0 0.08125 0.49921875 0.0921875 0.17109375
0 0.49296875 0.51953125 0.1046875 0.1765625
0 0.865625 0.4828125 0.13125 0.25
0 0.64921875 0.5 0.0390625 0.215625
0 0.90859375 0.46640625 0.1796875 0.2828125
0 0.65234375 0.49296875 0.0453125 0.2296875
0 0.97109375 0.48828125 0.0546875 0.2390625
0 0.51484375 0.7390625 0.17421875 0.2546875
0 0.29296875 0.79375 0.196875 0.2984375
0 0.0828125 0.88203125 0.165625 0.2328125
0 0.68828125 0.6390625 0.0703125 0.059375
0 0.94375 0.6765625 0.109375 0.134375
0 0.84609375 0.70859375 0.1390625 0.1984375
0 0.72890625 0.80390625 0.1609375 0.3890625