0 0.3484375 0.26484375 0.0609375 0.1640625
0 0.290625 0.28203125 0.059375 0.16015625
0 0.24453125 0.3046875 0.0609375 0.165625
0 0.19609375 0.32578125 0.0703125 0.165625
0 0.12421875 0.34921875 0.1234375 0.25078125
0 0.475 0.35234375 0.046875 0.1890625
0 0.02890625 0.37421875 0.0578125 0.2453125
0 0.4375 0.39140625 0.0890625 0.17734375
0 0.3859375 0.49296875 0.0984375 0.22578125
0 0.8296875 0.328125 0.21796875 0.30078125
0 0.69609375 0.38984375 0.240625 0.33203125
0 0.55546875 0.2578125 0.1109375 0.234375
0 0.328125 0.96875 0.13125 0.059375
0 0.38984375 0.95234375 0.2171875 0.0921875
0 0.7015625 0.78671875 0.08125 0.159375
0 0.90859375 0.8 0.1671875 0.240625
0 0.58828125 0.90625 0.1703125 0.184375