0 0.071875 0.44765625 0.13125 0.1609375
0 0.15078125 0.43125 0.2515625 0.19375
0 0.221875 0.453125 0.14375 0.15
0 0.56875 0.35 0.09609375 0.22734375
0 0.66953125 0.37265625 0.1203125 0.3109375
0 0.8578125 0.40078125 0.18125 0.2546875
0 0.38515625 0.20625 0.0328125 0.1625
0 0.47578125 0.2390625 0.1203125 0.225
0 0.121875 0.92578125 0.0625 0.1453125
0 0.0828125 0.94921875 0.053125 0.0984375
0 0.0484375 0.95859375 0.078125 0.0796875
0 0.4546875 0.784375 0.09609375 0.22734375
0 0.55546875 0.8203125 0.11875 0.3359375
0 0.74375 0.853125 0.18125 0.290625
0 0.39609375 0.67421875 0.0546875 0.2265625