0 0.39765625 0.42890625 0.0609375 0.0984375
0 0.3453125 0.43046875 0.059375 0.0953125
0 0.3078125 0.43671875 0.05625 0.0828125
0 0.26328125 0.43984375 0.0484375 0.0765625
0 0.21328125 0.4515625 0.0734375 0.053125
0 0.52109375 0.45078125 0.0546875 0.0546875
0 0.1046875 0.4546875 0.11875 0.046875
0 0.82421875 0.4375 0.0609375 0.08125
0 0.771875 0.4390625 0.059375 0.078125
0 0.734375 0.4453125 0.05625 0.065625
0 0.68984375 0.4484375 0.0484375 0.059375
0 0.63984375 0.46015625 0.0734375 0.0359375
0 0.959375 0.459375 0.078125 0.0375
0 0.08046875 0.5703125 0.1109375 0.18125
0 0.51796875 0.571875 0.0609375 0.184375
0 0.0640625 0.57265625 0.121875 0.1859375
0 0.459375 0.63515625 0.178125 0.3109375
0 0.42734375 0.63515625 0.1328125 0.3109375
0 0.34453125 0.67734375 0.2515625 0.3953125
0 0.2796875 0.73671875 0.17265625 0.48359375
0 0.35546875 0.50625 0.0609375 0.053125
0 0.2203125 0.5265625 0.1125 0.09375
0 0.34609375 0.50859375 0.0703125 0.0578125
0 0.20546875 0.5328125 0.0796875 0.10625
0 0.6640625 0.63359375 0.228125 0.3078125
0 0.9703125 0.696875 0.05625 0.434375