0 0.4046875 0.33984375 0.059375 0.1078125
0 0.353125 0.353125 0.05859375 0.12734375
0 0.315625 0.359375 0.05625 0.115625
0 0.27109375 0.3625 0.0484375 0.109375
0 0.22109375 0.37421875 0.0734375 0.0859375
0 0.1125 0.37734375 0.11875 0.0796875
0 0.703125 0.35 0.09375 0.134375
0 0.78125 0.3640625 0.09375 0.10625
0 0.834375 0.37265625 0.121875 0.0890625
0 0.02109375 0.54453125 0.0421875 0.1484375
0 0.303125 0.58359375 0.0859375 0.2390625
0 0.18046875 0.70703125 0.15546875 0.38828125
0 0.16328125 0.73359375 0.2046875 0.45234375
0 0.0234375 0.7640625 0.046875 0.46875
0 0.01953125 0.775 0.0390625 0.446875
0 0.1046875 0.5078125 0.11015625 0.17109375
0 0.14453125 0.5140625 0.0421875 0.12578125
0 0.084375 0.525 0.06171875 0.14375
0 0.33515625 0.53984375 0.0609375 0.1828125
0 0.50390625 0.6421875 0.0296875 0.275
0 0.5734375 0.65625 0.16875 0.36875
0 0.603125 0.6828125 0.14140625 0.334375
0 0.9234375 0.753125 0.1421875 0.37421875