0 0.05546875 0.084375 0.1109375 0.16875
0 0.125 0.11484375 0.25 0.2296875
0 0.1953125 0.1203125 0.14375 0.240625
0 0.47578125 0.16484375 0.0640625 0.3296875
0 0.60625 0.29921875 0.1046875 0.21875
0 0.528125 0.31328125 0.0375 0.2296875
0 0.978125 0.20390625 0.040625 0.1140625
0 0.67890625 0.22734375 0.05546875 0.1578125
0 0.2125 0.825 0.09609375 0.22734375
0 0.31328125 0.8453125 0.1203125 0.30625
0 0.459375 0.8734375 0.096875 0.25
0 0.02265625 0.68125 0.0453125 0.1625
0 0.11953125 0.7140625 0.1203125 0.225
0 0.9578125 0.55859375 0.08125 0.159375
0 0.584375 0.56875 0.09140625 0.1828125
0 0.6625 0.6015625 0.09296875 0.19140625
0 0.715625 0.65546875 0.11953125 0.26640625
0 0.84453125 0.76953125 0.16796875 0.36484375