0 0.18359375 0.09609375 0.05234375 0.0875
0 0.13046875 0.1125 0.05859375 0.103125
0 0.340625 0.12890625 0.06328125 0.11484375
0 0.08125 0.1296875 0.04453125 0.1296875
0 0.0375 0.15 0.0625 0.14140625
0 0.30625 0.159375 0.053125 0.12890625
0 0.2671875 0.20625 0.0578125 0.1359375
0 0.2265625 0.25625 0.08125 0.1375
0 0.653125 0.0734375 0.10625 0.146875
0 0.56171875 0.10546875 0.0640625 0.2109375
0 0.72578125 0.02265625 0.0578125 0.0453125
0 0.3796875 0.82265625 0.06171875 0.13984375
0 0.33203125 0.84296875 0.0515625 0.1328125
0 0.28125 0.85859375 0.05234375 0.1375
0 0.2359375 0.87734375 0.0578125 0.16484375
0 0.509375 0.88828125 0.0375 0.1734375
0 0.16953125 0.9125 0.0828125 0.171875
0 0.0421875 0.92578125 0.084375 0.1453125
0 0.4734375 0.93671875 0.0875 0.1234375
0 0.42578125 0.9609375 0.1078125 0.075
0 0.975 0.6546875 0.046875 0.128125
0 0.94375 0.66796875 0.0546875 0.12734375
0 0.89921875 0.6765625 0.046875 0.1328125
0 0.8484375 0.70546875 0.071875 0.1453125
0 0.740625 0.7296875 0.11796875 0.17890625
0 0.6625 0.76796875 0.0921875 0.17109375