0 0.0671875 0.43515625 0.096875 0.1640625
0 0.16796875 0.42578125 0.1203125 0.1828125
0 0.35625 0.45390625 0.18125 0.1265625
0 0.01796875 0.35703125 0.0359375 0.2265625
0 0.5328125 0.2796875 0.10625 0.24375
0 0.96796875 0.2875 0.0609375 0.234375
0 0.52734375 0.29296875 0.0953125 0.2265625
0 0.909375 0.33671875 0.178125 0.3609375
0 0.87734375 0.3484375 0.1328125 0.3375
0 0.79453125 0.3484375 0.2515625 0.3375
0 0.7296875 0.37578125 0.175 0.2828125
0 0.88671875 0.1578125 0.0484375 0.09296875
0 0.69375 0.171875 0.0671875 0.1515625
0 0.80546875 0.19609375 0.05859375 0.1515625
0 0.66953125 0.20859375 0.1109375 0.20859375
0 0.79609375 0.2171875 0.06953125 0.11953125
0 0.65546875 0.24140625 0.07890625 0.16875
0 0.04921875 0.9390625 0.05234375 0.0875
0 0.2015625 0.94453125 0.065625 0.1078125
0 0.46171875 0.95234375 0.0328125 0.0921875
0 0.0171875 0.95625 0.034375 0.084375
0 0.17109375 0.959375 0.0546875 0.078125
0 0.1328125 0.98046875 0.059375 0.0359375
0 0.7484375 0.58359375 0.08125 0.1296875
0 0.5328125 0.63203125 0.10625 0.2046875
0 0.9234375 0.73671875 0.15 0.3890625
0 0.903125 0.76328125 0.190625 0.4546875
0 0.6953125 0.77890625 0.196875 0.4390625
0 0.7046875 0.78984375 0.1625 0.4171875
0 0.6875 0.57265625 0.1875 0.1078125
0 0.8515625 0.57109375 0.1125 0.1046875
0 0.6453125 0.56640625 0.084375 0.0953125
0 0.8921875 0.56328125 0.04375 0.0890625
0 0.83125 0.5734375 0.0625 0.109375