0 0.32265625 0.4109375 0.05234375 0.0875
0 0.240625 0.428125 0.04453125 0.1296875
0 0.278125 0.4375 0.05859375 0.103125
0 0.19609375 0.44921875 0.0640625 0.1359375
0 0.4328125 0.4546875 0.03125 0.125
0 0.1421875 0.46015625 0.065625 0.1140625
0 0.40625 0.47578125 0.059375 0.0828125
0 0.04140625 0.47421875 0.0828125 0.0859375
0 0.37109375 0.4984375 0.0828125 0.0375
0 0.9359375 0.16171875 0.059375 0.1078125
0 0.884375 0.175 0.05859375 0.12734375
0 0.846875 0.18828125 0.0546875 0.12734375
0 0.80234375 0.196875 0.046875 0.1328125
0 0.7515625 0.22578125 0.071875 0.1453125
0 0.64375 0.25 0.11796875 0.17890625
0 0.565625 0.28828125 0.0921875 0.17109375
0 0.96171875 0.31640625 0.0734375 0.1921875
0 0.39609375 0.8203125 0.1046875 0.234375
0 0.3375 0.84375 0.221875 0.309375
0 0.28359375 0.85546875 0.1328125 0.2859375
0 0.20078125 0.85546875 0.2515625 0.2859375
0 0.1359375 0.8828125 0.175 0.23125
0 0.29296875 0.690625 0.0484375 0.09296875
0 0.1 0.7046875 0.0671875 0.1515625
0 0.21171875 0.72890625 0.05859375 0.1515625
0 0.07578125 0.74140625 0.1109375 0.20859375
0 0.20234375 0.75 0.06953125 0.11953125
0 0.06171875 0.77421875 0.07890625 0.16875
0 0.496875 0.65859375 0.09375 0.2796875
0 0.975 0.61875 0.046875 0.2