0 0.41171875 0.1296875 0.08671875 0.21796875
0 0.28046875 0.2203125 0.1796875 0.334375
0 0.09765625 0.24375 0.1953125 0.2875
0 0.22578125 0.07109375 0.1171875 0.1421875
0 0.89609375 0.015625 0.0609375 0.03125
0 0.84375 0.0265625 0.059375 0.053125
0 0.80625 0.03359375 0.05625 0.0671875
0 0.76171875 0.0390625 0.0484375 0.078125
0 0.71171875 0.05703125 0.0734375 0.1140625
0 0.62109375 0.07734375 0.0828125 0.1546875
0 0.97265625 0.084375 0.0515625 0.16875
0 0.93671875 0.13046875 0.10390625 0.190625
0 0.534375 0.45390625 0.05703125 0.10390625
0 0.11328125 0.4625 0.06796875 0.1078125
0 0.07109375 0.49609375 0.06328125 0.1078125
0 0.025 0.49921875 0.05 0.1546875
0 0.26328125 0.53671875 0.090625 0.1515625
0 0.20546875 0.59375 0.08671875 0.1515625
0 0.15078125 0.67421875 0.1140625 0.2046875
0 0.9296875 0.54375 0.1375 0.309375
0 0.8171875 0.57421875 0.159375 0.3703125
0 0.73828125 0.4453125 0.1109375 0.1125