0 0.009375 0.18671875 0.01875 0.0890625
0 0.1484375 0.21953125 0.06328125 0.11484375
0 0.1140625 0.25 0.053125 0.12890625
0 0.075 0.296875 0.0578125 0.1359375
0 0.03828125 0.34765625 0.0765625 0.1390625
0 0.84296875 0.04609375 0.0828125 0.0921875
0 0.46875 0.05703125 0.09375 0.1140625
0 0.546875 0.07578125 0.09375 0.1515625
0 0.6 0.12109375 0.121875 0.2421875
0 0.72890625 0.22265625 0.16796875 0.36484375
0 0.1484375 0.9046875 0.0875 0.1875
0 0.05234375 0.92890625 0.1046875 0.1390625
0 0.00625 0.8609375 0.0125 0.128125
0 0.18046875 0.88671875 0.0609375 0.1828125
0 0.97578125 0.9328125 0.0453125 0.13125
0 0.6203125 0.93203125 0.09375 0.1328125
0 0.6984375 0.94609375 0.09375 0.1046875
0 0.7515625 0.9546875 0.121875 0.0875