0 0.2359375 0.0296875 0.04375 0.059375
0 0.19765625 0.03515625 0.0484375 0.0703125
0 0.14765625 0.053125 0.0734375 0.10625
0 0.04921875 0.0734375 0.0984375 0.146875
0 0.41640625 0.33515625 0.09140625 0.209375
0 0.52890625 0.33828125 0.1109375 0.2203125
0 0.32578125 0.21015625 0.1328125 0.2203125
0 0.06953125 0.9234375 0.1390625 0.15
0 0.6390625 0.57265625 0.1296875 0.2328125
0 0.57578125 0.63359375 0.2390625 0.3671875
0 0.51328125 0.64140625 0.13203125 0.35
0 0.43046875 0.6828125 0.24921875 0.434375
0 0.365625 0.759375 0.175 0.478125
0 0.5234375 0.4703125 0.05 0.040625
0 0.3296875 0.4921875 0.06875 0.084375
0 0.44140625 0.5046875 0.0609375 0.109375
0 0.3109375 0.525 0.103125 0.15
0 0.72421875 0.5125 0.0515625 0.125
0 0.43203125 0.50703125 0.0703125 0.1140625
0 0.2953125 0.53125 0.071875 0.1625