0 0.1390625 0.1265625 0.125 0.253125
0 0.28671875 0.3203125 0.1828125 0.475
0 0.05078125 0.3203125 0.1015625 0.475
0 0.7375 0.14921875 0.165625 0.2984375
0 0.578125 0.13984375 0.165625 0.2796875
0 0.4375 0.2046875 0.115625 0.384375
0 0.18828125 0.6171875 0.0828125 0.115625
0 0.34453125 0.64453125 0.0671875 0.1703125
0 0.0796875 0.80546875 0.159375 0.3671875
0 0.77421875 0.8203125 0.06328125 0.1609375
0 0.93671875 0.83046875 0.07578125 0.20703125
0 0.409375 0.84609375 0.059375 0.1703125
0 0.47421875 0.8765625 0.06171875 0.175
0 0.54140625 0.88984375 0.1078125 0.2171875
0 0.6671875 0.91953125 0.121875 0.1578125