0 0.21640625 0.1484375 0.2328125 0.296875
0 0.46171875 0.01640625 0.0671875 0.0328125
0 0.4109375 0.0296875 0.071875 0.059375
0 0.71640625 0.04296875 0.0984375 0.0859375
0 0.36953125 0.0640625 0.0609375 0.128125
0 0.66171875 0.0921875 0.1140625 0.184375
0 0.60234375 0.15546875 0.11875 0.24921875
0 0.16328125 0.58203125 0.3265625 0.2453125
0 0.5296875 0.528125 0.08125 0.1375
0 0.83125 0.57109375 0.0875 0.2234375
0 0.353125 0.58046875 0.028125 0.2046875
0 0.70859375 0.68515625 0.15546875 0.38828125
0 0.69140625 0.71171875 0.2046875 0.45234375
0 0.4765625 0.75234375 0.19609375 0.4875
0 0.48515625 0.7546875 0.1609375 0.4484375
0 0.46875 0.5171875 0.1875 0.115625
0 0.6328125 0.515625 0.1125 0.1125
0 0.4265625 0.5109375 0.084375 0.103125
0 0.6734375 0.5078125 0.04375 0.096875
0 0.6125 0.51796875 0.0625 0.1171875
0 0.8640625 0.53515625 0.0625 0.1515625