0 0.0703125 0.06953125 0.10625 0.1390625
0 0.17578125 0.1015625 0.1328125 0.203125
0 0.2015625 0.2 0.13671875 0.30078125
0 0.56953125 0.30390625 0.2609375 0.3234375
0 0.20390625 0.64609375 0.06484375 0.14296875
0 0.14453125 0.66171875 0.059375 0.1546875
0 0.08984375 0.6796875 0.06484375 0.15234375
0 0.03828125 0.7078125 0.0703125 0.146875
0 0.34453125 0.71640625 0.09765625 0.18359375
0 0.0140625 0.753125 0.028125 0.196875
0 0.28984375 0.7921875 0.11171875 0.2296875
0 0.23046875 0.87578125 0.1203125 0.2453125
0 0.51640625 0.60625 0.1203125 0.175
0 0.7046875 0.70390625 0.18125 0.3703125