0 0.31640625 0.253125 0.3953125 0.50625
0 0.36796875 0.04921875 0.1015625 0.0984375
0 0.209375 0.07109375 0.171875 0.1421875
0 0.8046875 0.27890625 0.10390625 0.22265625
0 0.74921875 0.403125 0.0796875 0.334375
0 0.1625 0.83359375 0.07890625 0.146875
0 0.4640625 0.87265625 0.0859375 0.2390625
0 0.34140625 0.9 0.1578125 0.196875
0 0.325 0.896875 0.20625 0.203125
0 0.109375 0.90859375 0.196875 0.1796875
0 0.11875 0.91953125 0.1625 0.1578125
0 0.1015625 0.778125 0.1859375 0.2125
0 0.265625 0.796875 0.11015625 0.17109375
0 0.059375 0.803125 0.08203125 0.1390625
0 0.30546875 0.803125 0.0421875 0.12578125
0 0.2453125 0.8140625 0.06171875 0.14375
0 0.49609375 0.82890625 0.0609375 0.1828125
0 0.91015625 0.9203125 0.1140625 0.15625