0 0.07421875 0.01796875 0.0734375 0.0359375
0 0.3984375 0.02109375 0.0875 0.0421875
0 0.353125 0.0453125 0.0875 0.090625
0 0.29921875 0.07421875 0.1046875 0.1484375
0 0.95078125 0.16015625 0.0953125 0.3203125
0 0.94609375 0.16015625 0.1046875 0.3203125
0 0.875 0.1640625 0.246875 0.328125
0 0.8125 0.17578125 0.175 0.3046875
0 0.7765625 0.01875 0.06875 0.0375
0 0.88828125 0.03125 0.0609375 0.0625
0 0.7546875 0.0515625 0.109375 0.103125
0 0.87890625 0.03359375 0.0703125 0.0671875
0 0.7390625 0.0578125 0.078125 0.115625
0 0.27265625 0.83125 0.20078125 0.32421875
0 0.4375 0.80859375 0.35625 0.3796875
0 0.12265625 0.6890625 0.1203125 0.2765625
0 0.81015625 0.76796875 0.2203125 0.4609375