0 0.33984375 0.0125 0.0703125 0.025
0 0.29765625 0.0296875 0.0640625 0.059375
0 0.23984375 0.0421875 0.0734375 0.084375
0 0.1859375 0.0453125 0.071875 0.090625
0 0.465625 0.0609375 0.04375 0.121875
0 0.1234375 0.0796875 0.078125 0.159375
0 0.43203125 0.1015625 0.08671875 0.1515625
0 0.02890625 0.1125 0.0578125 0.190625
0 0.37734375 0.18203125 0.1140625 0.2046875
0 0.63203125 0.053125 0.1109375 0.10625
0 0.615625 0.05546875 0.121875 0.1109375
0 0.96015625 0.11796875 0.0765625 0.2359375
0 0.95546875 0.11796875 0.0859375 0.2359375
0 0.884375 0.16015625 0.228125 0.3203125
0 0.83125 0.2125 0.175 0.425
0 0.46171875 0.82421875 0.0515625 0.2578125
0 0.24765625 0.83515625 0.1703125 0.3265625
0 0.9 0.62890625 0.059375 0.1078125
0 0.8484375 0.6421875 0.05859375 0.12734375
0 0.8109375 0.65546875 0.0546875 0.12734375
0 0.76640625 0.6640625 0.046875 0.1328125
0 0.715625 0.69296875 0.071875 0.1453125
0 0.6078125 0.7171875 0.11796875 0.17890625
0 0.975 0.73125 0.046875 0.18125
0 0.5328125 0.75546875 0.0875 0.1734375
0 0.94140625 0.78359375 0.10390625 0.190625