0 0.215625 0.23125 0.059375 0.11953125
0 0.16953125 0.24296875 0.0453125 0.1078125
0 0.07734375 0.24375 0.0671875 0.20625
0 0.12734375 0.246875 0.05625 0.16171875
0 0.03046875 0.2625 0.0609375 0.203125
0 0.35703125 0.271875 0.09765625 0.18125
0 0.30625 0.30859375 0.0625 0.18125
0 0.26328125 0.37890625 0.08515625 0.17578125
0 0.7328125 0.12421875 0.06171875 0.13984375
0 0.68515625 0.14453125 0.0515625 0.1328125
0 0.634375 0.16015625 0.05234375 0.1375
0 0.5890625 0.17890625 0.0578125 0.16484375
0 0.88125 0.18984375 0.0734375 0.17109375
0 0.5515625 0.21875 0.025 0.18125
0 0.8265625 0.26640625 0.08671875 0.1796875
0 0.778125 0.32109375 0.10625 0.19140625
0 0.43984375 0.82265625 0.1953125 0.3515625
0 0.584375 0.7734375 0.090625 0.36875
0 0.59296875 0.80078125 0.1078125 0.3359375
0 0.8953125 0.840625 0.14375 0.315625