0 0.11328125 0.3921875 0.1140625 0.25
0 0.02734375 0.39453125 0.0546875 0.2453125
0 0.30234375 0.41328125 0.1171875 0.2078125
0 0.46875 0.41796875 0.11875 0.1984375
0 0.571875 0.33671875 0.059375 0.1078125
0 0.53984375 0.35 0.0203125 0.128125
0 0.978125 0.39765625 0.040625 0.1703125
0 0.7125 0.403125 0.0859375 0.153125
0 0.6671875 0.4328125 0.0875 0.16875
0 0.61328125 0.45625 0.1046875 0.121875
0 0.20078125 0.91953125 0.0640625 0.1578125
0 0.36328125 0.91328125 0.0765625 0.1703125
0 0.471875 0.9171875 0.096875 0.1625
0 0.56875 0.82109375 0.059375 0.1078125
0 0.53828125 0.834375 0.0171875 0.128125
0 0.9765625 0.88203125 0.04375 0.1703125
0 0.709375 0.8875 0.0859375 0.153125
0 0.6640625 0.915625 0.0875 0.165625
0 0.61015625 0.9390625 0.1046875 0.11875