0 0.240625 0.24453125 0.059375 0.1078125
0 0.1890625 0.2578125 0.05859375 0.12734375
0 0.1515625 0.27109375 0.0546875 0.12734375
0 0.10703125 0.2796875 0.046875 0.1328125
0 0.6375 0.30546875 0.021875 0.1703125
0 0.05625 0.30859375 0.071875 0.1453125
0 0.38125 0.3109375 0.0859375 0.153125
0 0.33515625 0.34609375 0.0859375 0.1796875
0 0.28203125 0.3703125 0.1046875 0.134375
0 0.74921875 0.06328125 0.1109375 0.1265625
0 0.7328125 0.065625 0.121875 0.13125
0 0.94296875 0.1703125 0.1109375 0.340625
0 0.9296875 0.21875 0.1375 0.4375
0 0.87421875 0.02578125 0.0796875 0.0515625
0 0.4578125 0.85859375 0.059375 0.1078125
0 0.40625 0.871875 0.05859375 0.12734375
0 0.36875 0.88515625 0.0546875 0.12734375
0 0.32421875 0.89375 0.046875 0.1328125
0 0.2734375 0.92265625 0.071875 0.1453125
0 0.5984375 0.9234375 0.0875 0.15
0 0.165625 0.92734375 0.11875 0.1421875
0 0.553125 0.934375 0.0875 0.128125
0 0.0875 0.9484375 0.09375 0.1
0 0.49921875 0.9578125 0.1046875 0.08125
0 0.4921875 0.9609375 0.1125 0.075
0 0.7078125 0.8390625 0.09140625 0.1828125
0 0.7859375 0.871875 0.09296875 0.19140625
0 0.8390625 0.8953125 0.121875 0.20625
0 0.940625 0.92734375 0.115625 0.1421875