0 0.1734375 0.36171875 0.059375 0.1078125
0 0.121875 0.375 0.05859375 0.12734375
0 0.084375 0.38828125 0.0546875 0.12734375
0 0.03984375 0.396875 0.046875 0.1328125
0 0.01328125 0.4265625 0.0265625 0.146875
0 0.3140625 0.428125 0.0859375 0.153125
0 0.26796875 0.46328125 0.0859375 0.1796875
0 0.21484375 0.51640625 0.10390625 0.190625
0 0.95703125 0.1875 0.0828125 0.325
0 0.87578125 0.2359375 0.15703125 0.35078125
0 0.753125 0.27265625 0.15703125 0.3984375
0 0.67421875 0.1296875 0.10859375 0.16875
0 0.03828125 0.76640625 0.0765625 0.0953125
0 0.89921875 0.97578125 0.0546875 0.0453125
0 0.84609375 0.98046875 0.0609375 0.0359375
0 0.796875 0.98203125 0.046875 0.0328125