0 0.015625 0.346875 0.03125 0.1375
0 0.134375 0.40234375 0.0890625 0.190625
0 0.08203125 0.4703125 0.08828125 0.22890625
0 0.04140625 0.52265625 0.0828125 0.1890625
0 0.51484375 0.44609375 0.2515625 0.3421875
0 0.17734375 0.9359375 0.0703125 0.125
0 0.1359375 0.95234375 0.071875 0.0921875
0 0.1 0.97421875 0.08125 0.0484375
0 0.47734375 0.83984375 0.06484375 0.16328125
0 0.4046875 0.890625 0.071875 0.16953125
0 0.32265625 0.8890625 0.0890625 0.21875
0 0.7484375 0.89609375 0.10625 0.2046875
0 0.6390625 0.90078125 0.1 0.1953125
0 0.5234375 0.9140625 0.1625 0.16875
0 0.62578125 0.77890625 0.03046875 0.0796875
0 0.82109375 0.83203125 0.05546875 0.1578125