0 0.0390625 0.1 0.078125 0.2
0 0.18984375 0.11171875 0.1640625 0.2234375
0 0.3828125 0.11875 0.171875 0.2375
0 0.5453125 0.11875 0.10625 0.2375
0 0.7765625 0.16875 0.096875 0.1375
0 0.87734375 0.159375 0.1203125 0.15625
0 0.684375 0.10859375 0.121875 0.2171875
0 0.36796875 0.6421875 0.06328125 0.1609375
0 0.53046875 0.65234375 0.07578125 0.20703125
0 0.01640625 0.66796875 0.0328125 0.1703125
0 0.06796875 0.6984375 0.06171875 0.175
0 0.13515625 0.73984375 0.10546875 0.27109375
0 0.2609375 0.83046875 0.121875 0.3359375
0 0.74140625 0.70859375 0.2828125 0.5796875