0 0.12109375 0.05390625 0.1765625 0.1078125
0 0.43515625 0.203125 0.0671875 0.05
0 0.58359375 0.19375 0.0328125 0.06875
0 0.77890625 0.20078125 0.0578125 0.0546875
0 0.384375 0.56640625 0.028125 0.1421875
0 0.3515625 0.5703125 0.04921875 0.12734375
0 0.30625 0.57890625 0.05 0.14765625
0 0.265625 0.6 0.06328125 0.159375
0 0.2078125 0.6078125 0.0875 0.1875
0 0.10703125 0.63359375 0.090625 0.175
0 0.03828125 0.68984375 0.0765625 0.2015625
0 0.69296875 0.43671875 0.06484375 0.16328125
0 0.6203125 0.4875 0.071875 0.16953125
0 0.53828125 0.49921875 0.08671875 0.24453125
0 0.9546875 0.50078125 0.0875 0.2203125
0 0.85390625 0.5375 0.0984375 0.27421875
0 0.7390625 0.6390625 0.16015625 0.42421875
0 0.84140625 0.37578125 0.03046875 0.0796875