0 0.0828125 0.27109375 0.07890625 0.146875
0 0.384375 0.31015625 0.0859375 0.2390625
0 0.26171875 0.43359375 0.15546875 0.38828125
0 0.2453125 0.440625 0.20625 0.415625
0 0.0640625 0.45234375 0.128125 0.3921875
0 0.06015625 0.46328125 0.1203125 0.3703125
0 0.0578125 0.21640625 0.115625 0.2140625
0 0.1859375 0.234375 0.11015625 0.17109375
0 0.0109375 0.240625 0.021875 0.140625
0 0.22578125 0.240625 0.0421875 0.12578125
0 0.165625 0.2515625 0.06171875 0.14375
0 0.41640625 0.26640625 0.0609375 0.1828125
0 0.98359375 0.3828125 0.0296875 0.128125
0 0.9609375 0.39609375 0.0546875 0.12734375
0 0.91640625 0.4046875 0.046875 0.1328125
0 0.865625 0.43359375 0.071875 0.1453125
0 0.7578125 0.4578125 0.11796875 0.17890625
0 0.6796875 0.49609375 0.0921875 0.17109375
0 0.41640625 0.96171875 0.0609375 0.0734375
0 0.3640625 0.96328125 0.059375 0.0703125
0 0.3265625 0.96953125 0.05625 0.0578125
0 0.28203125 0.97265625 0.0484375 0.0515625
0 0.9296875 0.8828125 0.13125 0.23125
0 0.86640625 0.87578125 0.2390625 0.2453125
0 0.80390625 0.8875 0.1328125 0.221875
0 0.72109375 0.8875 0.2515625 0.221875
0 0.65625 0.91484375 0.175 0.1671875
0 0.81328125 0.7546875 0.0484375 0.09296875
0 0.6203125 0.76875 0.0671875 0.1515625
0 0.73203125 0.79296875 0.05859375 0.1515625
0 0.59609375 0.80546875 0.1109375 0.20859375
0 0.72265625 0.8140625 0.06953125 0.11953125
0 0.58203125 0.83828125 0.07890625 0.16875