0 0.18359375 0.05 0.0609375 0.1
0 0.13125 0.0609375 0.059375 0.121875
0 0.09375 0.07109375 0.0546875 0.12734375
0 0.04921875 0.0796875 0.046875 0.1328125
0 0.59296875 0.10546875 0.0484375 0.1703125
0 0.01796875 0.109375 0.0359375 0.146875
0 0.3234375 0.1109375 0.0859375 0.153125
0 0.27734375 0.14609375 0.0859375 0.1796875
0 0.22421875 0.19921875 0.10390625 0.190625
0 0.75625 0.11875 0.18125 0.2375
0 0.17734375 0.53984375 0.09140625 0.209375
0 0.2890625 0.58046875 0.109375 0.29453125
0 0.0859375 0.42734375 0.134375 0.1953125
0 0.95859375 0.8203125 0.0796875 0.275
0 0.740625 0.8296875 0.09140625 0.2234375
0 0.96796875 0.82421875 0.0609375 0.3484375
0 0.7328125 0.84375 0.12109375 0.28125