0 0.2671875 0.11484375 0.0875 0.2296875
0 0.14453125 0.23203125 0.15546875 0.38828125
0 0.12734375 0.25859375 0.2046875 0.45234375
0 0.1125 0.0359375 0.04375 0.071875
0 0.06875 0.059375 0.1125 0.11875
0 0.0484375 0.06171875 0.0625 0.1234375
0 0.3 0.07890625 0.0625 0.1578125
0 0.634375 0.31875 0.13125 0.3375
0 0.6453125 0.340625 0.14375 0.29375
0 0.94609375 0.365625 0.1046875 0.24375
0 0.1734375 0.73046875 0.1046875 0.21875
0 0.06328125 0.7671875 0.0984375 0.27421875
0 0.05078125 0.60546875 0.03046875 0.0796875
0 0.54609375 0.63515625 0.0421875 0.1140625
0 0.24609375 0.65859375 0.05546875 0.1578125
0 0.915625 0.80234375 0.165625 0.3328125
0 0.80859375 0.6703125 0.1171875 0.23359375