0 0.4609375 0.25703125 0.059375 0.1078125
0 0.409375 0.2703125 0.05859375 0.12734375
0 0.371875 0.28359375 0.0546875 0.12734375
0 0.32734375 0.2921875 0.046875 0.1328125
0 0.2765625 0.32109375 0.071875 0.1453125
0 0.6015625 0.3234375 0.0859375 0.153125
0 0.16875 0.3453125 0.11796875 0.17890625
0 0.55546875 0.35859375 0.0859375 0.1796875
0 0.090625 0.38359375 0.0921875 0.17109375
0 0.50234375 0.41171875 0.10390625 0.190625
0 0.87890625 0.22890625 0.1390625 0.3671875
0 0.2703125 0.6984375 0.12890625 0.27421875
0 0.03671875 0.7078125 0.0734375 0.225
0 0.34921875 0.7234375 0.2515625 0.346875
0 0.03984375 0.72265625 0.0796875 0.2828125
0 0.4203125 0.7390625 0.14140625 0.334375
0 0.73828125 0.809375 0.1390625 0.375