0 0.346875 0.475 0.228125 0.165625
0 0.03984375 0.50703125 0.0796875 0.1015625
0 0.7953125 0.2390625 0.09609375 0.22734375
0 0.89609375 0.275 0.11875 0.3359375
0 0.571875 0.0953125 0.1109375 0.16171875
0 0.70234375 0.128125 0.1203125 0.225
0 0.06015625 0.6390625 0.1109375 0.159375
0 0.4875 0.640625 0.040625 0.1625
0 0.05234375 0.64140625 0.1046875 0.1640625
0 0.42890625 0.70390625 0.1578125 0.2890625
0 0.40703125 0.70390625 0.1328125 0.2890625
0 0.32421875 0.74609375 0.2515625 0.3734375
0 0.259375 0.77890625 0.175 0.4390625
0 0.33515625 0.575 0.0609375 0.03125
0 0.2 0.5953125 0.1125 0.071875
0 0.32578125 0.57734375 0.0703125 0.0359375
0 0.18515625 0.6015625 0.0796875 0.084375
0 0.8609375 0.60703125 0.1375 0.0953125