0 0.1796875 0.29609375 0.1296875 0.2328125
0 0.11796875 0.353125 0.2359375 0.375
0 0.06015625 0.36484375 0.1203125 0.3515625
0 0.0484375 0.40703125 0.096875 0.4359375
0 0.06328125 0.1671875 0.0484375 0.09296875
0 0.00625 0.20625 0.0125 0.153125
0 0.26484375 0.22265625 0.05 0.15078125
0 0.68203125 0.22890625 0.06484375 0.14296875
0 0.62265625 0.24453125 0.059375 0.1546875
0 0.56796875 0.2625 0.06484375 0.15234375
0 0.51640625 0.290625 0.0703125 0.146875
0 0.82265625 0.29921875 0.09765625 0.18359375
0 0.45546875 0.3359375 0.0984375 0.19453125
0 0.3734375 0.36015625 0.046875 0.2328125
0 0.76796875 0.375 0.11171875 0.2296875
0 0.70859375 0.46171875 0.11875 0.24921875
0 0.23203125 0.69375 0.1234375 0.06875
0 0.31796875 0.78671875 0.0609375 0.2546875
0 0.65859375 0.7140625 0.0640625 0.109375
0 0.55625 0.7484375 0.071875 0.178125
0 0.6109375 0.73203125 0.0625 0.1453125
0 0.88046875 0.75 0.0703125 0.18125
0 0.8390625 0.76484375 0.071875 0.2109375
0 0.4890625 0.79296875 0.10625 0.2671875
0 0.803125 0.8 0.0796875 0.2125
0 0.38984375 0.81796875 0.0796875 0.3171875
0 0.7421875 0.87578125 0.14375 0.2453125