0 0.1375 0.059375 0.08125 0.11875
0 0.4390625 0.10234375 0.0875 0.2046875
0 0.31640625 0.20703125 0.15546875 0.38828125
0 0.29921875 0.23359375 0.2046875 0.45234375
0 0.09140625 0.2640625 0.1828125 0.46875
0 0.09375 0.275 0.1625 0.446875
0 0.08515625 0.0484375 0.1703125 0.096875
0 0.240625 0.046875 0.1125 0.09375
0 0.03828125 0.0421875 0.0765625 0.084375
0 0.28125 0.0390625 0.04375 0.078125
0 0.2203125 0.04921875 0.0625 0.0984375
0 0.471875 0.06640625 0.0625 0.1328125
0 0.91953125 0.33515625 0.1328125 0.3265625
0 0.278125 0.62578125 0.059375 0.1078125
0 0.2265625 0.6390625 0.05859375 0.12734375
0 0.1890625 0.65234375 0.0546875 0.12734375
0 0.14453125 0.6609375 0.046875 0.1328125
0 0.09375 0.68984375 0.071875 0.1453125
0 0.41875 0.6921875 0.0859375 0.153125
0 0.02265625 0.7140625 0.0453125 0.18125
0 0.37265625 0.72734375 0.0859375 0.1796875
0 0.31953125 0.78046875 0.10390625 0.190625
0 0.88984375 0.5390625 0.0921875 0.078125
0 0.6609375 0.625 0.103125 0.25
0 0.803125 0.7140625 0.16015625 0.40859375