0 0.01796875 0.33828125 0.0359375 0.1890625
0 0.3265625 0.34296875 0.11171875 0.165625
0 0.22734375 0.42109375 0.20234375 0.24140625
0 0.06640625 0.4578125 0.1328125 0.259375
0 0.1546875 0.28203125 0.05390625 0.06953125
0 0.0671875 0.30703125 0.04140625 0.09375
0 0.9375 0.23125 0.121875 0.234375
0 0.87890625 0.2875 0.2375 0.37265625
0 0.81640625 0.29921875 0.13203125 0.35
0 0.7640625 0.34140625 0.190625 0.4359375
0 0.7125 0.3828125 0.0875 0.409375
0 0.82578125 0.1015625 0.0484375 0.09296875
0 0.74453125 0.13984375 0.05859375 0.1515625
0 0.73515625 0.1609375 0.06953125 0.11953125
0 0.2140625 0.9375 0.08125 0.121875
0 0.515625 0.934375 0.0875 0.128125
0 0.39296875 0.95859375 0.1578125 0.0796875
0 0.153125 0.89375 0.1875 0.209375
0 0.3171875 0.9140625 0.11015625 0.17109375
0 0.1109375 0.9203125 0.08203125 0.1390625
0 0.35703125 0.9203125 0.0421875 0.12578125
0 0.296875 0.92890625 0.0625 0.1390625
0 0.5484375 0.9265625 0.0625 0.14375
0 0.8234375 0.9328125 0.08125 0.13125
0 0.96953125 0.8796875 0.0421875 0.12578125
0 0.7625 0.8859375 0.1859375 0.2125
0 0.946875 0.89609375 0.1046875 0.13515625
0 0.775 0.89921875 0.196875 0.1984375
0 0.9265625 0.9046875 0.11015625 0.17109375
0 0.7203125 0.9109375 0.08203125 0.1390625
0 0.90625 0.921875 0.06171875 0.14375