0 0.246875 0.15390625 0.0859375 0.2390625
0 0.12421875 0.27734375 0.15546875 0.38828125
0 0.10703125 0.30390625 0.2046875 0.45234375
0 0.05234375 0.08203125 0.1046875 0.1640625
0 0.08828125 0.084375 0.0421875 0.12578125
0 0.0296875 0.09609375 0.059375 0.1453125
0 0.27890625 0.11015625 0.0609375 0.1828125
0 0.64921875 0.44140625 0.1171875 0.2328125
0 0.81875 0.44609375 0.125 0.2234375
0 0.9734375 0.43515625 0.05 0.2453125
0 0.3828125 0.82109375 0.059375 0.1078125
0 0.33125 0.834375 0.05859375 0.12734375
0 0.29375 0.84765625 0.0546875 0.12734375
0 0.24921875 0.85625 0.046875 0.1328125
0 0.1984375 0.88515625 0.071875 0.1453125
0 0.5234375 0.8875 0.0859375 0.153125
0 0.090625 0.909375 0.11796875 0.17890625
0 0.478125 0.915625 0.0875 0.165625
0 0.0296875 0.9296875 0.059375 0.1375
0 0.42421875 0.9390625 0.1046875 0.11875
0 0.64375 0.76796875 0.12265625 0.271875
0 0.96953125 0.84296875 0.0578125 0.3109375
0 0.82265625 0.86640625 0.2453125 0.2640625
0 0.9578125 0.69609375 0.08125 0.1609375