0 0.1375 0.39140625 0.13125 0.1328125
0 0.21640625 0.375 0.2515625 0.165625
0 0.2875 0.396875 0.14375 0.121875
0 0.8109375 0.27734375 0.08125 0.159375
0 0.96640625 0.29140625 0.0640625 0.2421875
0 0.2828125 0.77421875 0.07890625 0.146875
0 0.584375 0.81328125 0.0859375 0.2390625
0 0.06015625 0.83203125 0.1203125 0.2046875
0 0.46171875 0.8703125 0.1578125 0.25625
0 0.4453125 0.8671875 0.20625 0.2625
0 0.2296875 0.87890625 0.196875 0.2390625
0 0.2390625 0.88984375 0.1625 0.2171875
0 0.221875 0.71875 0.1859375 0.2125
0 0.3859375 0.7375 0.11015625 0.17109375
0 0.1796875 0.74375 0.08203125 0.1390625
0 0.42578125 0.74375 0.0421875 0.12578125
0 0.365625 0.7546875 0.06171875 0.14375
0 0.61640625 0.76953125 0.0609375 0.1828125
0 0.88828125 0.821875 0.2203125 0.353125