0 0.1546875 0.11875 0.09609375 0.22734375
0 0.25546875 0.16171875 0.1203125 0.3234375
0 0.44375 0.28046875 0.18046875 0.47421875
0 0.0625 0.0609375 0.121875 0.121875
0 0.74453125 0.3078125 0.1515625 0.303125
0 0.35 0.75078125 0.1296875 0.2328125
0 0.28671875 0.8078125 0.2375 0.37265625
0 0.22421875 0.81953125 0.13203125 0.35
0 0.14140625 0.82109375 0.2515625 0.3546875
0 0.08203125 0.8484375 0.1640625 0.3
0 0.23359375 0.621875 0.0484375 0.09296875
0 0.040625 0.640625 0.06875 0.14375
0 0.15234375 0.66015625 0.05859375 0.1515625
0 0.03671875 0.6734375 0.0734375 0.209375
0 0.43515625 0.67734375 0.05 0.15078125
0 0.14296875 0.68125 0.06953125 0.11953125
0 0.02109375 0.70546875 0.0421875 0.1703125
0 0.8703125 0.83984375 0.0859375 0.2390625
0 0.74765625 0.88359375 0.1578125 0.2296875
0 0.7515625 0.88046875 0.165625 0.2359375
0 0.71484375 0.7390625 0.0421875 0.12578125
0 0.70703125 0.75546875 0.0765625 0.1359375
0 0.6984375 0.7640625 0.059375 0.171875
0 0.67578125 0.78203125 0.0140625 0.1453125
0 0.90234375 0.79609375 0.0609375 0.1828125