0 0.0734375 0.2328125 0.04453125 0.12109375
0 0.125 0.23671875 0.0625 0.09765625
0 0.0359375 0.26015625 0.046875 0.12890625
0 0.26015625 0.30703125 0.06171875 0.12734375
0 0.20859375 0.35078125 0.0921875 0.1328125
0 0.9046875 0.0390625 0.071875 0.078125
0 0.546875 0.0578125 0.071875 0.115625
0 0.61796875 0.0765625 0.0546875 0.153125
0 0.68046875 0.11796875 0.1140625 0.2359375
0 0.8125 0.22109375 0.14375 0.3921875
0 0.3375 0.79765625 0.07890625 0.146875
0 0.11328125 0.8546875 0.12109375 0.203125
0 0.284375 0.890625 0.196875 0.215625
0 0.29375 0.9015625 0.1625 0.19375
0 0.2765625 0.7421875 0.1859375 0.2125
0 0.42578125 0.7609375 0.0828125 0.171875
0 0.234375 0.7671875 0.08203125 0.1390625
0 0.4203125 0.778125 0.06171875 0.14375
0 0.80625 0.86328125 0.059375 0.1078125
0 0.7546875 0.8765625 0.05859375 0.12734375
0 0.7171875 0.88984375 0.0546875 0.12734375
0 0.67265625 0.8984375 0.046875 0.1328125
0 0.62265625 0.9265625 0.0734375 0.14375
0 0.946875 0.92578125 0.0875 0.1453125
0 0.52109375 0.9296875 0.1046875 0.1375
0 0.9015625 0.93671875 0.0875 0.1234375
0 0.84765625 0.96015625 0.1046875 0.0765625