0 0.29296875 0.02421875 0.0609375 0.0484375
0 0.240625 0.03515625 0.059375 0.0703125
0 0.203125 0.0421875 0.05625 0.084375
0 0.15859375 0.04765625 0.0484375 0.0953125
0 0.10859375 0.065625 0.0734375 0.13125
0 0.4328125 0.06875 0.0875 0.1375
0 0.0296875 0.0859375 0.059375 0.171875
0 0.38671875 0.09453125 0.0859375 0.1796875
0 0.33359375 0.14765625 0.10390625 0.190625
0 0.490625 0.61328125 0.059375 0.1078125
0 0.4390625 0.6265625 0.05859375 0.12734375
0 0.4015625 0.63984375 0.0546875 0.12734375
0 0.35703125 0.6484375 0.046875 0.1328125
0 0.30625 0.67734375 0.071875 0.1453125
0 0.61796875 0.68046875 0.0609375 0.1546875
0 0.1984375 0.7015625 0.11796875 0.17890625
0 0.58515625 0.71484375 0.0859375 0.1796875
0 0.1203125 0.73984375 0.0921875 0.17109375
0 0.53203125 0.76796875 0.10390625 0.190625
0 0.928125 0.68046875 0.140625 0.3140625