0 0.28359375 0.35546875 0.05234375 0.0875
0 0.7078125 0.3578125 0.040625 0.115625
0 0.23046875 0.371875 0.05859375 0.103125
0 0.440625 0.38828125 0.06328125 0.11484375
0 0.18125 0.3890625 0.04453125 0.1296875
0 0.71953125 0.40234375 0.0171875 0.1109375
0 0.1375 0.409375 0.0625 0.14140625
0 0.40625 0.41875 0.053125 0.12890625
0 0.065625 0.43515625 0.06484375 0.16171875
0 0.3671875 0.45703125 0.059375 0.1203125
0 0.32734375 0.48203125 0.0828125 0.0703125
0 0.8515625 0.428125 0.24375 0.178125
0 0.4921875 0.79296875 0.08125 0.159375
0 0.11875 0.803125 0.09140625 0.1828125
0 0.671875 0.80703125 0.1125 0.2421875
0 0.196875 0.8359375 0.09296875 0.19140625
0 0.25 0.87734375 0.121875 0.2421875
0 0.37890625 0.909375 0.1703125 0.178125
0 0.98359375 0.80546875 0.0296875 0.1296875
0 0.95234375 0.8140625 0.046875 0.1328125
0 0.9015625 0.84296875 0.071875 0.1453125
0 0.79375 0.8671875 0.11796875 0.17890625
0 0.74609375 0.90546875 0.0328125 0.1734375