0 0.209375 0.36328125 0.05 0.0484375
0 0.15703125 0.36875 0.0609375 0.0375
0 0.7421875 0.2984375 0.10625 0.178125
0 0.6328125 0.303125 0.1 0.16875
0 0.54921875 0.31640625 0.0984375 0.1421875
0 0.61953125 0.19453125 0.03046875 0.0796875
0 0.81484375 0.24765625 0.05546875 0.1578125
0 0.3609375 0.665625 0.09609375 0.22734375
0 0.45 0.7015625 0.096875 0.3375
0 0.1375 0.521875 0.1109375 0.16171875
0 0.26796875 0.5546875 0.1203125 0.225
0 0.6296875 0.80234375 0.059375 0.1078125
0 0.578125 0.815625 0.05859375 0.12734375
0 0.540625 0.82890625 0.0546875 0.12734375
0 0.51015625 0.8375 0.0203125 0.134375
0 0.7703125 0.86875 0.0859375 0.153125
0 0.72421875 0.90390625 0.0859375 0.1796875
0 0.67109375 0.9296875 0.1046875 0.1375