0 0.05546875 0.0828125 0.1109375 0.165625
0 0.528125 0.084375 0.13125 0.16875
0 0.05 0.08515625 0.1 0.1703125
0 0.46484375 0.14765625 0.2390625 0.2953125
0 0.40234375 0.14765625 0.1328125 0.2953125
0 0.31953125 0.18984375 0.2515625 0.3796875
0 0.2546875 0.2421875 0.175 0.484375
0 0.33046875 0.01875 0.0609375 0.0375
0 0.1953125 0.0390625 0.1125 0.078125
0 0.61328125 0.0265625 0.0515625 0.053125
0 0.32109375 0.02109375 0.0703125 0.0421875
0 0.18046875 0.0453125 0.0796875 0.090625
0 0.97890625 0.13515625 0.0390625 0.1921875
0 0.87578125 0.65625 0.0671875 0.053125
0 0.80390625 0.68359375 0.0734375 0.1078125
0 0.91953125 0.8140625 0.1578125 0.36875