0 0.06015625 0.534375 0.1203125 0.36875
0 0.06875 0.56171875 0.1375 0.3359375
0 0.3859375 0.590625 0.14375 0.29375
0 0.928125 0.18046875 0.1296875 0.2328125
0 0.86484375 0.2375 0.2375 0.37265625
0 0.80234375 0.24921875 0.13203125 0.35
0 0.71953125 0.290625 0.24921875 0.434375
0 0.6546875 0.37109375 0.17265625 0.48359375
0 0.81171875 0.0515625 0.0484375 0.09296875
0 0.61875 0.07109375 0.06875 0.1421875
0 0.73046875 0.08984375 0.05859375 0.1515625
0 0.5953125 0.10390625 0.1125 0.2078125
0 0.99296875 0.10703125 0.0109375 0.1515625
0 0.72109375 0.1109375 0.06953125 0.11953125
0 0.58046875 0.13515625 0.07890625 0.16875
0 0.28046875 0.9515625 0.0609375 0.09375
0 0.228125 0.953125 0.059375 0.090625
0 0.190625 0.959375 0.05625 0.078125
0 0.14609375 0.9625 0.0484375 0.071875
0 0.09609375 0.97421875 0.0734375 0.0484375
0 0.4203125 0.9734375 0.0875 0.05
0 0.79609375 0.9328125 0.0921875 0.13125
0 0.90859375 0.93203125 0.1109375 0.1328125
0 0.7046875 0.8484375 0.134375 0.21875