0 0.07109375 0.3375 0.1109375 0.240625
0 0.52265625 0.34375 0.0890625 0.228125
0 0.0578125 0.3484375 0.115625 0.21875
0 0.4640625 0.33671875 0.20625 0.2421875
0 0.41796875 0.3484375 0.1328125 0.21875
0 0.33515625 0.3484375 0.2515625 0.21875
0 0.2703125 0.37578125 0.175 0.1640625
0 0.42734375 0.2171875 0.0484375 0.09296875
0 0.234375 0.23125 0.0671875 0.1515625
0 0.34609375 0.25546875 0.05859375 0.1515625
0 0.21015625 0.26796875 0.1109375 0.20859375
0 0.33671875 0.2765625 0.06953125 0.11953125
0 0.19609375 0.30078125 0.07890625 0.16875
0 0.634375 0.1984375 0.12890625 0.27421875
0 0.71328125 0.2125 0.25078125 0.36640625
0 0.784375 0.2390625 0.14140625 0.334375
0 0.0890625 0.9015625 0.096875 0.19375
0 0.18984375 0.8921875 0.1203125 0.2125
0 0.378125 0.9203125 0.18125 0.15625
0 0.02890625 0.80859375 0.0578125 0.2265625
0 0.725 0.64140625 0.1390625 0.21015625
0 0.88046875 0.76328125 0.2359375 0.4703125
0 0.64921875 0.54765625 0.1046875 0.1765625
0 0.58671875 0.54921875 0.0359375 0.1796875