0 0.3 0.3859375 0.04765625 0.12890625
0 0.24765625 0.40546875 0.06015625 0.146875
0 0.20703125 0.4234375 0.0515625 0.1390625
0 0.52109375 0.4265625 0.0703125 0.14375
0 0.4765625 0.4328125 0.05 0.13125
0 0.14140625 0.43828125 0.0765625 0.1203125
0 0.03203125 0.44921875 0.0640625 0.0984375
0 0.43671875 0.44921875 0.0734375 0.0984375
0 0.9421875 0.07421875 0.09375 0.1484375
0 0.9859375 0.09296875 0.025 0.1859375
0 0.2796875 0.76640625 0.07890625 0.146875
0 0.58125 0.80546875 0.0859375 0.2390625
0 0.05859375 0.82421875 0.1171875 0.2046875
0 0.45859375 0.86640625 0.1578125 0.2640625
0 0.4421875 0.86328125 0.20625 0.2703125
0 0.2265625 0.875 0.196875 0.246875
0 0.2359375 0.8859375 0.1625 0.225
0 0.21875 0.7109375 0.1859375 0.2125
0 0.3828125 0.7296875 0.11015625 0.17109375
0 0.1765625 0.7359375 0.08203125 0.1390625
0 0.42265625 0.7359375 0.0421875 0.12578125
0 0.3625 0.746875 0.06171875 0.14375
0 0.61328125 0.76171875 0.0609375 0.1828125
0 0.9625 0.6640625 0.071875 0.328125
0 0.9578125 0.6640625 0.08125 0.328125
0 0.88671875 0.70625 0.2234375 0.4125
0 0.8359375 0.76484375 0.175 0.4671875
0 0.8 0.52265625 0.06875 0.0453125
0 0.91171875 0.53515625 0.0609375 0.0703125
0 0.7765625 0.55546875 0.1125 0.1109375
0 0.9234375 0.53515625 0.071875 0.0703125
0 0.76171875 0.56171875 0.0796875 0.1234375