0 0.27578125 0.3171875 0.4453125 0.321875
0 0.84453125 0.03671875 0.0609375 0.0734375
0 0.7921875 0.04765625 0.059375 0.0953125
0 0.7546875 0.0546875 0.05625 0.109375
0 0.71015625 0.06015625 0.0484375 0.1203125
0 0.659375 0.08203125 0.071875 0.1453125
0 0.96953125 0.08515625 0.0578125 0.1546875
0 0.55546875 0.10625 0.1109375 0.18125
0 0.93828125 0.11953125 0.0859375 0.1796875
0 0.51015625 0.14453125 0.0203125 0.1734375
0 0.88515625 0.17265625 0.10390625 0.190625
0 0.32890625 0.6296875 0.1703125 0.3
0 0.5640625 0.91953125 0.059375 0.1078125
0 0.52109375 0.9328125 0.0421875 0.128125
0 0.97421875 0.946875 0.0484375 0.103125
0 0.7046875 0.95390625 0.0875 0.0890625
0 0.659375 0.96484375 0.0875 0.0671875