0 0.29296875 0.21640625 0.05234375 0.0875
0 0.70703125 0.21875 0.0203125 0.115625
0 0.23984375 0.2328125 0.05859375 0.103125
0 0.45 0.24921875 0.06328125 0.11484375
0 0.190625 0.25 0.04453125 0.1296875
0 0.146875 0.2703125 0.0625 0.14140625
0 0.415625 0.2796875 0.053125 0.12890625
0 0.075 0.29609375 0.06484375 0.16171875
0 0.3765625 0.3265625 0.0578125 0.1359375
0 0.3359375 0.3765625 0.08125 0.1375
0 0.9375 0.34765625 0.08125 0.159375
0 0.7375 0.39921875 0.0375 0.1765625
0 0.82421875 0.43125 0.1703125 0.1125
0 0.346875 0.61796875 0.1296875 0.2328125
0 0.28359375 0.67578125 0.2390625 0.3734375
0 0.22109375 0.68671875 0.13203125 0.35
0 0.13828125 0.728125 0.24921875 0.434375
0 0.08046875 0.78203125 0.1609375 0.4328125
0 0.23125 0.5125 0.05 0.046875
0 0.0375 0.534375 0.06875 0.090625
0 0.14921875 0.546875 0.0609375 0.115625
0 0.03515625 0.5671875 0.0703125 0.15625
0 0.43203125 0.5546875 0.0515625 0.13125
0 0.13984375 0.54921875 0.0703125 0.1203125
0 0.01953125 0.5734375 0.0390625 0.16875
0 0.9609375 0.921875 0.075 0.153125
0 0.84765625 0.946875 0.1140625 0.103125