0 0.346875 0.09296875 0.13125 0.1859375
0 0.28359375 0.15625 0.2390625 0.3125
0 0.22109375 0.15625 0.1328125 0.3125
0 0.13828125 0.1984375 0.2515625 0.396875
0 0.08046875 0.25859375 0.1609375 0.4859375
0 0.0375 0.01484375 0.06875 0.0296875
0 0.14921875 0.02734375 0.0609375 0.0546875
0 0.03515625 0.04765625 0.0703125 0.0953125
0 0.43203125 0.03515625 0.0515625 0.0703125
0 0.13984375 0.0296875 0.0703125 0.059375
0 0.01953125 0.05390625 0.0390625 0.1078125
0 0.96796875 0.396875 0.0609375 0.103125
0 0.87421875 0.40859375 0.06484375 0.1875
0 0.92734375 0.4140625 0.07109375 0.125
0 0.834375 0.43046875 0.0640625 0.1578125
0 0.7828125 0.4671875 0.08125 0.196875
0 0.68359375 0.4890625 0.1015625 0.1796875
0 0.97265625 0.52109375 0.0515625 0.1328125
0 0.60546875 0.515625 0.1109375 0.14375
0 0.309375 0.86328125 0.07890625 0.146875
0 0.08515625 0.90859375 0.1234375 0.1796875
0 0.25625 0.9234375 0.196875 0.15
0 0.265625 0.934375 0.1625 0.128125
0 0.2484375 0.8078125 0.1859375 0.2125
0 0.40703125 0.8265625 0.1015625 0.171875
0 0.20625 0.8328125 0.08203125 0.1390625
0 0.44453125 0.8328125 0.0265625 0.128125
0 0.3921875 0.84375 0.06171875 0.14375
0 0.66015625 0.67109375 0.2390625 0.1640625
0 0.59765625 0.67109375 0.1328125 0.1640625
0 0.55 0.71328125 0.18125 0.2484375
0 0.4984375 0.765625 0.078125 0.353125