0 0.08359375 0.3109375 0.11640625 0.2671875
0 0.253125 0.33515625 0.12265625 0.29609375
0 0.43515625 0.33671875 0.1046875 0.3453125
0 0.53359375 0.175 0.0890625 0.275
0 0.603125 0.1890625 0.228125 0.36875
0 0.6625 0.215625 0.14140625 0.334375
0 0.9546875 0.2859375 0.0875 0.375
0 0.115625 0.809375 0.1015625 0.21484375
0 0.1828125 0.88984375 0.11875 0.2171875
0 0.3015625 0.88359375 0.125 0.2296875
0 0.021875 0.78359375 0.04375 0.1515625
0 0.8609375 0.69296875 0.1296875 0.2328125
0 0.79765625 0.75 0.2375 0.37265625
0 0.73515625 0.76171875 0.13203125 0.35
0 0.65234375 0.7921875 0.2515625 0.4125
0 0.5875 0.81953125 0.175 0.3578125
0 0.7453125 0.56484375 0.05 0.0921875
0 0.5515625 0.58671875 0.06875 0.1359375
0 0.66328125 0.60234375 0.05859375 0.1515625
0 0.53671875 0.61953125 0.0953125 0.2015625
0 0.675 0.61953125 0.06953125 0.11953125
0 0.94609375 0.61953125 0.05 0.15078125
0 0.52109375 0.64765625 0.0640625 0.1703125