0 0.44296875 0.303125 0.25 0.384375
0 0.58828125 0.12421875 0.0390625 0.2484375
0 0.71953125 0.1359375 0.1640625 0.271875
0 0.9125 0.159375 0.171875 0.31875
0 0.27890625 0.7375 0.071875 0.10234375
0 0.17890625 0.74921875 0.06484375 0.1875
0 0.43828125 0.75390625 0.08671875 0.16171875
0 0.23203125 0.7546875 0.07109375 0.125
0 0.1390625 0.77109375 0.0640625 0.1578125
0 0.0875 0.8078125 0.08125 0.196875
0 0.4109375 0.8078125 0.10625 0.1734375
0 0.3671875 0.81875 0.1078125 0.11015625
0 0.0203125 0.8296875 0.040625 0.18125
0 0.31484375 0.87421875 0.125 0.15625
0 0.8359375 0.60546875 0.06171875 0.13984375
0 0.78828125 0.62578125 0.0515625 0.1328125
0 0.7375 0.64140625 0.05234375 0.1375
0 0.6921875 0.66015625 0.0578125 0.16484375
0 0.97265625 0.67109375 0.0515625 0.1734375
0 0.625 0.7 0.08125 0.1796875
0 0.9296875 0.74765625 0.08671875 0.1796875
0 0.88125 0.80234375 0.10625 0.19140625