0 0.2140625 0.15546875 0.1046875 0.21875
0 0.10390625 0.1921875 0.0984375 0.27421875
0 0.03515625 0.29375 0.0703125 0.425
0 0.09140625 0.0359375 0.0328125 0.071875
0 0.28671875 0.08359375 0.05546875 0.1578125
0 0.68125 0.2828125 0.12890625 0.27421875
0 0.76015625 0.296875 0.25078125 0.36640625
0 0.83125 0.3234375 0.14140625 0.334375
0 0.01484375 0.7015625 0.0296875 0.203125
0 0.08203125 0.746875 0.1203125 0.29375
0 0.2703125 0.80546875 0.18125 0.3859375
0 0.565625 0.82890625 0.059375 0.1078125
0 0.53671875 0.8421875 0.0140625 0.128125
0 0.975 0.88984375 0.046875 0.1703125
0 0.70625 0.8953125 0.0859375 0.153125
0 0.6609375 0.91953125 0.0875 0.1578125
0 0.60703125 0.94296875 0.1046875 0.1109375