0 0.22265625 0.478125 0.0296875 0.140625
0 0.1359375 0.48125 0.11875 0.134375
0 0.0578125 0.50234375 0.09375 0.0921875
0 0.7328125 0.22265625 0.059375 0.1078125
0 0.68125 0.2359375 0.05859375 0.12734375
0 0.64375 0.24921875 0.0546875 0.12734375
0 0.59921875 0.2578125 0.046875 0.1328125
0 0.5484375 0.28671875 0.071875 0.1453125
0 0.8734375 0.2890625 0.0859375 0.153125
0 0.440625 0.3109375 0.11796875 0.17890625
0 0.82734375 0.32421875 0.0859375 0.1796875
0 0.3625 0.34921875 0.0921875 0.17109375
0 0.77421875 0.37734375 0.10390625 0.190625
0 0.12890625 0.67734375 0.1765625 0.2546875
0 0.93203125 0.8875 0.1328125 0.221875
0 0.5984375 0.92734375 0.284375 0.1421875