0 0.28671875 0.109375 0.1234375 0.21875
0 0.75234375 0.26953125 0.0640625 0.1359375
0 0.91484375 0.26328125 0.0765625 0.1484375
0 0.38359375 0.28046875 0.0671875 0.1140625
0 0.45234375 0.29453125 0.0640625 0.0859375
0 0.51953125 0.290625 0.1078125 0.09375
0 0.32734375 0.57734375 0.0421875 0.2046875
0 0.07890625 0.60390625 0.09765625 0.18359375
0 0.040625 0.6796875 0.08125 0.23125
0 0.0125 0.76640625 0.025 0.2515625
0 0.6875 0.64375 0.09609375 0.22734375
0 0.78828125 0.6796875 0.11875 0.3359375
0 0.9421875 0.7828125 0.1125 0.43125
0 0.4640625 0.5 0.1109375 0.16171875
0 0.59453125 0.5328125 0.1203125 0.225