0 0.06875 0.1703125 0.109375 0.24140625
0 0.5421875 0.17734375 0.1296875 0.2328125
0 0.05703125 0.18359375 0.1140625 0.2265625
0 0.47890625 0.234375 0.2375 0.37265625
0 0.41640625 0.24609375 0.13203125 0.35
0 0.33359375 0.2875 0.24921875 0.434375
0 0.26875 0.36796875 0.17265625 0.48359375
0 0.42578125 0.0484375 0.0484375 0.09296875
0 0.2328125 0.06953125 0.06875 0.1390625
0 0.34453125 0.08671875 0.05859375 0.1515625
0 0.209375 0.10234375 0.1125 0.2046875
0 0.33515625 0.1078125 0.06953125 0.11953125
0 0.19453125 0.13203125 0.07890625 0.16875
0 0.653125 0.4890625 0.0875 0.2625
0 0.82890625 0.52890625 0.1171875 0.2578125
0 0.9671875 0.53359375 0.0625 0.2484375
0 0.09375 0.671875 0.05625 0.025
0 0.04921875 0.67734375 0.0484375 0.0359375
0 0.58828125 0.69921875 0.0390625 0.0796875
0 0.01796875 0.6953125 0.0359375 0.071875
0 0.3234375 0.6984375 0.0875 0.078125
0 0.278125 0.72265625 0.0875 0.1265625
0 0.22421875 0.7515625 0.1046875 0.184375
0 0.97109375 0.725 0.0546875 0.13125
0 0.765625 0.7171875 0.09375 0.115625
0 0.7578125 0.7390625 0.121875 0.159375