0 0.27265625 0.08828125 0.06484375 0.16328125
0 0.2 0.1390625 0.071875 0.16953125
0 0.11796875 0.15078125 0.08671875 0.24453125
0 0.54375 0.15234375 0.1046875 0.21875
0 0.43359375 0.1890625 0.0984375 0.27421875
0 0.31875 0.290625 0.16015625 0.42421875
0 0.42109375 0.034375 0.0328125 0.06875
0 0.61640625 0.08046875 0.05546875 0.1578125
0 0.98125 0.31796875 0.034375 0.1609375
0 0.89765625 0.43125 0.1578125 0.171875
0 0.0421875 0.8921875 0.084375 0.2125
0 0.5015625 0.8984375 0.13125 0.2
0 0.03671875 0.903125 0.0734375 0.190625
0 0.43828125 0.89140625 0.2390625 0.2140625
0 0.37578125 0.903125 0.1328125 0.190625
0 0.29296875 0.903125 0.2515625 0.190625
0 0.228125 0.93046875 0.175 0.1359375
0 0.38515625 0.7859375 0.0484375 0.09296875
0 0.1921875 0.8 0.0671875 0.1515625
0 0.30390625 0.82421875 0.05859375 0.1515625
0 0.16796875 0.83671875 0.1109375 0.20859375
0 0.58671875 0.84140625 0.05 0.15078125
0 0.29453125 0.8453125 0.06953125 0.11953125
0 0.15390625 0.86953125 0.07890625 0.16875