0 0.1921875 0.13203125 0.13125 0.2640625
0 0.27109375 0.1625 0.2515625 0.325
0 0.3421875 0.1640625 0.14375 0.328125
0 0.8671875 0.08828125 0.175 0.1765625
0 0.35625 0.5375 0.09609375 0.22734375
0 0.45703125 0.5734375 0.11875 0.3359375
0 0.1328125 0.40234375 0.1125 0.1453125
0 0.2640625 0.43515625 0.121875 0.2109375
0 0.6828125 0.79296875 0.059375 0.1078125
0 0.63125 0.80625 0.05859375 0.12734375
0 0.59375 0.81953125 0.0546875 0.12734375
0 0.56640625 0.828125 0.0140625 0.134375
0 0.8234375 0.859375 0.0859375 0.153125
0 0.77734375 0.89453125 0.0859375 0.1796875
0 0.72421875 0.925 0.1046875 0.146875