0 0.2359375 0.3703125 0.12890625 0.27421875
0 0.01953125 0.3796875 0.0390625 0.225
0 0.31484375 0.384375 0.25078125 0.36640625
0 0.02265625 0.39453125 0.0453125 0.2828125
0 0.3859375 0.4109375 0.14140625 0.334375
0 0.51640625 0.28984375 0.0734375 0.1484375
0 0.8140625 0.32890625 0.0859375 0.2390625
0 0.69140625 0.45234375 0.15546875 0.38828125
0 0.67421875 0.47890625 0.2046875 0.45234375
0 0.51875 0.49140625 0.078125 0.4328125
0 0.51484375 0.50234375 0.0703125 0.4109375
0 0.5125 0.23515625 0.065625 0.2140625
0 0.615625 0.253125 0.11015625 0.17109375
0 0.65546875 0.259375 0.0421875 0.12578125
0 0.5953125 0.2703125 0.06171875 0.14375
0 0.84609375 0.28515625 0.0609375 0.1828125
0 0.02890625 0.88359375 0.0578125 0.1484375
0 0.31875 0.90078125 0.0875 0.1953125
0 0.19609375 0.925 0.1578125 0.146875
0 0.1796875 0.921875 0.20625 0.153125
0 0.025 0.82890625 0.05 0.2140625
0 0.1203125 0.846875 0.11015625 0.17109375
0 0.16015625 0.853125 0.0421875 0.12578125
0 0.1 0.8640625 0.06171875 0.14375
0 0.35078125 0.87890625 0.0609375 0.1828125
0 0.83359375 0.96875 0.0609375 0.059375
0 0.78125 0.9703125 0.059375 0.05625
0 0.74375 0.9765625 0.05625 0.04375
0 0.69921875 0.9796875 0.0484375 0.0375