0 0.34765625 0.3546875 0.08203125 0.16875
0 0.0609375 0.3609375 0.0859375 0.153125
0 0.0296875 0.3921875 0.059375 0.171875
0 0.7015625 0.23671875 0.08125 0.159375
0 0.90859375 0.25 0.1671875 0.240625
0 0.42109375 0.2796875 0.0640625 0.19375
0 0.459375 0.33359375 0.11953125 0.26640625
0 0.58828125 0.37109375 0.1703125 0.2140625
0 0.19375 0.69453125 0.3875 0.4296875
0 0.58671875 0.5015625 0.0703125 0.04375
0 0.54453125 0.51875 0.0640625 0.078125
0 0.48671875 0.53125 0.0734375 0.103125
0 0.4328125 0.534375 0.071875 0.109375
0 0.73671875 0.55 0.0921875 0.140625
0 0.39921875 0.56875 0.0203125 0.178125
0 0.67890625 0.6 0.08671875 0.1515625
0 0.62421875 0.68046875 0.1140625 0.2046875