0 0.284375 0.38828125 0.059375 0.1078125
0 0.2328125 0.4015625 0.05859375 0.12734375
0 0.1953125 0.41484375 0.0546875 0.12734375
0 0.15078125 0.4234375 0.046875 0.1328125
0 0.10078125 0.44375 0.0734375 0.128125
0 0.425 0.44296875 0.0875 0.1296875
0 0.02578125 0.446875 0.0515625 0.121875
0 0.3796875 0.45390625 0.0875 0.1078125
0 0.32578125 0.47734375 0.1046875 0.0609375
0 0.775 0.1828125 0.09140625 0.1828125
0 0.853125 0.215625 0.09296875 0.19140625
0 0.90625 0.26953125 0.11953125 0.26640625
0 0.97421875 0.35390625 0.0484375 0.3078125
0 0.4046875 0.88828125 0.13125 0.2203125
0 0.34140625 0.88125 0.2390625 0.234375
0 0.27890625 0.89296875 0.1328125 0.2109375
0 0.19609375 0.89296875 0.2515625 0.2109375
0 0.13125 0.9203125 0.175 0.15625
0 0.28828125 0.765625 0.0484375 0.09296875
0 0.0953125 0.7796875 0.0671875 0.1515625
0 0.20703125 0.80390625 0.05859375 0.1515625
0 0.07109375 0.81640625 0.1109375 0.20859375
0 0.47578125 0.82109375 0.0234375 0.1515625
0 0.05703125 0.84921875 0.07890625 0.16875
0 0.79609375 0.5859375 0.1984375 0.153125
0 0.57890625 0.646875 0.1796875 0.275