0 0.3984375 0.41328125 0.08125 0.159375
0 0.0359375 0.4234375 0.071875 0.184375
0 0.56484375 0.42734375 0.0859375 0.2421875
0 0.103125 0.45390625 0.09375 0.1890625
0 0.15625 0.4625 0.121875 0.171875
0 0.28515625 0.49453125 0.1703125 0.1078125
0 0.95859375 0.31875 0.0796875 0.234375
0 0.9 0.36796875 0.196875 0.3609375
0 0.85859375 0.3796875 0.1328125 0.3375
0 0.77578125 0.3796875 0.2515625 0.3375
0 0.7109375 0.40703125 0.175 0.2828125
0 0.86796875 0.1890625 0.0484375 0.09296875
0 0.675 0.203125 0.0671875 0.1515625
0 0.78671875 0.22734375 0.05859375 0.1515625
0 0.65859375 0.23984375 0.0984375 0.2109375
0 0.77734375 0.2484375 0.06953125 0.11953125
0 0.64296875 0.27265625 0.0671875 0.1703125
0 0.5859375 0.56796875 0.04375 0.0359375
0 0.1640625 0.578125 0.0625 0.05625
0 0.1171875 0.58671875 0.053125 0.0734375
0 0.065625 0.5953125 0.053125 0.090625
0 0.025 0.61171875 0.05 0.1234375
0 0.3125 0.61875 0.075 0.1375
0 0.2578125 0.67734375 0.08671875 0.1796875
0 0.209375 0.73203125 0.10625 0.19140625
0 0.98046875 0.94765625 0.0359375 0.1015625
0 0.9546875 0.95390625 0.05625 0.0890625
0 0.91015625 0.95703125 0.0484375 0.0828125
0 0.86015625 0.96875 0.0734375 0.059375
0 0.7515625 0.971875 0.11875 0.053125