0 0.48359375 0.0609375 0.0828125 0.121875
0 0.109375 0.071875 0.09375 0.14375
0 0.1875 0.090625 0.09375 0.18125
0 0.240625 0.13828125 0.11953125 0.26640625
0 0.36953125 0.25234375 0.16796875 0.36484375
0 0.83125 0.24609375 0.334375 0.4921875
0 0.1359375 0.6921875 0.17265625 0.3125
0 0.78359375 0.90390625 0.05234375 0.0875
0 0.73046875 0.9203125 0.05859375 0.103125
0 0.940625 0.93671875 0.06328125 0.11484375
0 0.68125 0.93515625 0.046875 0.1265625
0 0.6546875 0.9421875 0.03125 0.1125
0 0.90703125 0.95 0.0546875 0.096875
0 0.8671875 0.971875 0.059375 0.053125