0 0.040625 0.03984375 0.08125 0.0796875
0 0.0875 0.08515625 0.121875 0.1703125
0 0.21640625 0.1671875 0.1703125 0.334375
0 0.70234375 0.33671875 0.1703125 0.2421875
0 0.50859375 0.3578125 0.1578125 0.2
0 0.2375 0.8546875 0.3 0.2875
0 0.740625 0.54375 0.13125 0.16875
0 0.67734375 0.60703125 0.2390625 0.2953125
0 0.61484375 0.60703125 0.1328125 0.2953125
0 0.54375 0.64921875 0.228125 0.3796875
0 0.4921875 0.7015625 0.125 0.484375
0 0.54296875 0.478125 0.0609375 0.0375
0 0.82578125 0.4859375 0.0515625 0.053125
0 0.53359375 0.48046875 0.0703125 0.0421875