0 0.490625 0.26328125 0.059375 0.1078125
0 0.4390625 0.2765625 0.05859375 0.12734375
0 0.4015625 0.28984375 0.0546875 0.12734375
0 0.35703125 0.2984375 0.046875 0.1328125
0 0.30625 0.32734375 0.071875 0.1453125
0 0.6125 0.33046875 0.05 0.1546875
0 0.1984375 0.3515625 0.11796875 0.17890625
0 0.58515625 0.36484375 0.0859375 0.1796875
0 0.1203125 0.38984375 0.0921875 0.17109375
0 0.53203125 0.4046875 0.1046875 0.165625
0 0.8515625 0.34609375 0.2625 0.2828125
0 0.22109375 0.83046875 0.06796875 0.19765625
0 0.14921875 0.8578125 0.09375 0.20078125
0 0.48125 0.8703125 0.11875 0.25625
0 0.05703125 0.8890625 0.1015625 0.21875
0 0.37890625 0.88671875 0.1390625 0.2234375
0 0.26171875 0.90703125 0.1609375 0.1828125
0 0.709375 0.5796875 0.13125 0.18125
0 0.70234375 0.64296875 0.1265625 0.3078125
0 0.79453125 0.521875 0.0515625 0.065625