0 0.0359375 0.34453125 0.071875 0.1078125
0 0.12421875 0.33515625 0.1203125 0.1265625
0 0.590625 0.26484375 0.121875 0.2109375
0 0.80859375 0.275 0.3796875 0.246875
0 0.54375 0.15390625 0.028125 0.2109375
0 0.215625 0.63515625 0.07890625 0.146875
0 0.50078125 0.675 0.0546875 0.240625
0 0.0265625 0.69296875 0.053125 0.2046875
0 0.39453125 0.79765625 0.15546875 0.38828125
0 0.378125 0.79765625 0.20625 0.4015625
0 0.1625 0.809375 0.196875 0.378125
0 0.171875 0.8203125 0.1625 0.35625
0 0.1546875 0.5796875 0.1859375 0.2125
0 0.31875 0.5984375 0.11015625 0.17109375
0 0.1125 0.6046875 0.08203125 0.1390625
0 0.35859375 0.6046875 0.0421875 0.12578125
0 0.2984375 0.615625 0.06171875 0.14375
0 0.94921875 0.5421875 0.0984375 0.284375
0 0.86015625 0.5734375 0.1578125 0.346875
0 0.7375 0.60703125 0.15703125 0.3984375
0 0.65859375 0.475 0.1109375 0.15