0 0.078125 0.1453125 0.109375 0.24140625
0 0.5171875 0.153125 0.0625 0.234375
0 0.06171875 0.1578125 0.1203125 0.225
0 0.45859375 0.209375 0.1796875 0.375
0 0.42578125 0.22109375 0.13203125 0.35
0 0.34296875 0.2625 0.24921875 0.434375
0 0.278125 0.30390625 0.175 0.4078125
0 0.4359375 0.03515625 0.05 0.0703125
0 0.2421875 0.05703125 0.06875 0.1140625
0 0.35390625 0.06953125 0.0609375 0.1390625
0 0.21875 0.08984375 0.1125 0.1796875
0 0.34453125 0.0828125 0.06953125 0.11953125
0 0.20390625 0.10703125 0.07890625 0.16875
0 0.665625 0.06796875 0.08125 0.1359375
0 0.9609375 0.1109375 0.075 0.221875
0 0.84453125 0.22421875 0.15546875 0.38828125
0 0.82734375 0.25078125 0.2046875 0.45234375
0 0.63046875 0.27734375 0.1609375 0.4609375
0 0.6265625 0.28828125 0.153125 0.4390625
0 0.8125 0.03203125 0.04375 0.0640625
0 0.62421875 0.05703125 0.1484375 0.1140625
0 0.76875 0.05546875 0.1125 0.1109375
0 0.57734375 0.05078125 0.0546875 0.1015625
0 0.7484375 0.0578125 0.0625 0.115625
0 0.98359375 0.075 0.0296875 0.15
0 0.2796875 0.61640625 0.13125 0.2140625
0 0.04140625 0.60859375 0.0828125 0.1984375
0 0.35859375 0.646875 0.2515625 0.275
0 0.04453125 0.63046875 0.0890625 0.2421875
0 0.4296875 0.65234375 0.14375 0.2859375
0 0.98671875 0.87578125 0.0234375 0.1453125
0 0.94921875 0.89140625 0.059375 0.1546875
0 0.89453125 0.909375 0.06484375 0.15234375
0 0.84375 0.93125 0.071875 0.134375
0 0.7828125 0.94140625 0.1 0.1140625
0 0.6609375 0.94453125 0.125 0.1078125