0 0.31875 0.4765625 0.12890625 0.27421875
0 0.075 0.4859375 0.09140625 0.2234375
0 0.39765625 0.48203125 0.2515625 0.3515625
0 0.0671875 0.5 0.12109375 0.28125
0 0.4625 0.50390625 0.13125 0.3078125
0 0.7640625 0.4890625 0.12890625 0.27421875
0 0.5484375 0.4984375 0.0375 0.225
0 0.84296875 0.48828125 0.2515625 0.3390625
0 0.5515625 0.51328125 0.04375 0.2828125
0 0.9140625 0.51015625 0.14375 0.2953125
0 0.45234375 0.775 0.1515625 0.23125
0 0.28671875 0.82890625 0.1796875 0.3390625
0 0.09296875 0.87578125 0.1859375 0.2453125
0 0.5609375 0.90625 0.0625 0.184375
0 0.9125 0.934375 0.171875 0.128125
0 0.8609375 0.87890625 0.115625 0.16015625