0 0.425 0.18984375 0.1296875 0.2328125
0 0.36171875 0.246875 0.2375 0.37265625
0 0.29921875 0.25859375 0.13203125 0.35
0 0.21640625 0.275 0.2515625 0.384375
0 0.1515625 0.30234375 0.175 0.3296875
0 0.30859375 0.0609375 0.0484375 0.09296875
0 0.115625 0.07578125 0.06875 0.1515625
0 0.22734375 0.09921875 0.05859375 0.1515625
0 0.09140625 0.11171875 0.1109375 0.20859375
0 0.50625 0.11640625 0.04375 0.1515625
0 0.21796875 0.1203125 0.06953125 0.11953125
0 0.07734375 0.14453125 0.07890625 0.16875
0 0.6765625 0.38046875 0.0875 0.1734375
0 0.58125 0.4046875 0.103125 0.125
0 0.53671875 0.3125 0.0140625 0.128125
0 0.540625 0.32890625 0.021875 0.1359375
0 0.70859375 0.36953125 0.0609375 0.1828125
0 0.375 0.53984375 0.096875 0.1421875
0 0.471875 0.58515625 0.1125 0.2328125
0 0.7 0.62421875 0.0859375 0.2390625
0 0.59296875 0.74765625 0.1265625 0.3890625
0 0.596875 0.77265625 0.134375 0.4515625
0 0.54375 0.5515625 0.028125 0.165625
0 0.546875 0.5546875 0.034375 0.128125
0 0.73203125 0.58046875 0.0609375 0.1828125