0 0.12578125 0.1 0.2359375 0.2
0 0.7984375 0.13984375 0.08125 0.159375
0 0.42578125 0.15 0.0921875 0.184375
0 0.96015625 0.15390625 0.0765625 0.2421875
0 0.503125 0.1828125 0.09296875 0.19140625
0 0.55625 0.23671875 0.11953125 0.26640625
0 0.68515625 0.3171875 0.1703125 0.3
0 0.02890625 0.6078125 0.0578125 0.278125
0 0.1859375 0.70546875 0.18125 0.4734375
0 0.7453125 0.6328125 0.09609375 0.22734375
0 0.84609375 0.66875 0.11875 0.3359375
0 0.97109375 0.77734375 0.0546875 0.4421875
0 0.521875 0.51953125 0.1125 0.1015625
0 0.653125 0.55234375 0.121875 0.1671875