0 0.08984375 0.3875 0.1796875 0.325
0 0.1765625 0.3765625 0.221875 0.403125
0 0.5765625 0.11953125 0.07890625 0.146875
0 0.878125 0.15859375 0.0859375 0.2390625
0 0.35234375 0.1765625 0.12109375 0.203125
0 0.75546875 0.28203125 0.15546875 0.38828125
0 0.73828125 0.30859375 0.2046875 0.45234375
0 0.5234375 0.34140625 0.196875 0.4734375
0 0.53203125 0.3515625 0.1609375 0.4484375
0 0.515625 0.0859375 0.1875 0.171875
0 0.6796875 0.084375 0.1125 0.16875
0 0.4734375 0.0890625 0.08203125 0.1390625
0 0.71953125 0.0890625 0.0421875 0.12578125
0 0.659375 0.1 0.06171875 0.14375
0 0.91015625 0.11484375 0.0609375 0.1828125
0 0.0578125 0.88125 0.115625 0.234375
0 0.053125 0.87421875 0.10625 0.2484375
0 0.13515625 0.80703125 0.05 0.15078125
0 0.77734375 0.965625 0.0609375 0.065625
0 0.725 0.9671875 0.059375 0.0625
0 0.6875 0.9734375 0.05625 0.05
0 0.64296875 0.9765625 0.0484375 0.04375