0 0.4984375 0.26015625 0.059375 0.1078125
0 0.446875 0.2734375 0.05859375 0.12734375
0 0.409375 0.28671875 0.0546875 0.12734375
0 0.36484375 0.2953125 0.046875 0.1328125
0 0.3140625 0.32421875 0.071875 0.1453125
0 0.20625 0.3484375 0.11796875 0.17890625
0 0.128125 0.37890625 0.09375 0.1578125
0 0.51796875 0.38828125 0.0609375 0.1390625
0 0.896875 0.3625 0.13125 0.190625
0 0.83359375 0.35546875 0.2390625 0.2046875
0 0.77109375 0.3671875 0.1328125 0.18125
0 0.68828125 0.3671875 0.2515625 0.18125
0 0.63046875 0.39453125 0.1609375 0.1265625
0 0.78046875 0.2546875 0.0484375 0.09296875
0 0.5875 0.26875 0.0671875 0.1515625
0 0.69921875 0.29296875 0.05859375 0.1515625
0 0.58515625 0.30546875 0.0703125 0.2109375
0 0.97734375 0.31015625 0.0421875 0.1515625
0 0.68984375 0.3140625 0.06953125 0.11953125
0 0.56953125 0.33828125 0.0390625 0.1703125
0 0.20703125 0.8703125 0.3953125 0.25625
0 0.25859375 0.7671875 0.1 0.146875
0 0.1 0.778125 0.17109375 0.2125
0 0.68046875 0.896875 0.1171875 0.203125
0 0.85078125 0.9140625 0.1640625 0.16875