0 0.19765625 0.30546875 0.090625 0.175
0 0.10703125 0.36171875 0.1171875 0.20078125
0 0.58984375 0.36015625 0.16953125 0.2921875
0 0.775 0.32109375 0.11015625 0.278125
0 0.1875 0.81328125 0.07890625 0.146875
0 0.0125 0.87109375 0.025 0.2046875
0 0.134375 0.8984375 0.196875 0.2
0 0.14375 0.909375 0.1625 0.178125
0 0.1265625 0.7578125 0.1859375 0.2125
0 0.084375 0.7828125 0.08203125 0.1390625
0 0.53984375 0.628125 0.0703125 0.11875
0 0.60234375 0.62109375 0.0796875 0.1046875
0 0.49453125 0.6453125 0.0671875 0.153125
0 0.4484375 0.6484375 0.065625 0.159375
0 0.7453125 0.6625 0.090625 0.1875
0 0.37265625 0.6640625 0.096875 0.1828125
0 0.27734375 0.72734375 0.0546875 0.2109375
0 0.69296875 0.728125 0.08828125 0.22890625
0 0.6453125 0.809375 0.0953125 0.24453125