0 0.28984375 0.11796875 0.1578125 0.2359375
0 0.17109375 0.14921875 0.1578125 0.2984375
0 0.0640625 0.1796875 0.128125 0.359375
0 0.43203125 0.2328125 0.1265625 0.26875
0 0.84609375 0.28984375 0.2359375 0.3703125
0 0.715625 0.390625 0.30234375 0.44765625
0 0.5671875 0.1609375 0.109375 0.246875
0 0.12265625 0.890625 0.1109375 0.215625
0 0.10625 0.9015625 0.121875 0.19375
0 0.30078125 0.92890625 0.1328125 0.1390625
0 0.2859375 0.796875 0.0671875 0.1515625
0 0.26171875 0.83359375 0.1109375 0.20859375
0 0.36015625 0.8421875 0.0140625 0.121875
0 0.24765625 0.86640625 0.07890625 0.16875
0 0.56015625 0.6625 0.0890625 0.046875
0 0.86875 0.65859375 0.053125 0.0390625
0 0.45859375 0.671875 0.0921875 0.065625
0 0.834375 0.68203125 0.078125 0.0859375
0 0.3984375 0.70625 0.059375 0.134375
0 0.790625 0.7140625 0.09375 0.15