0 0.04609375 0.10078125 0.0921875 0.2015625
0 0.1078125 0.17578125 0.11640625 0.21953125
0 0.2265625 0.20546875 0.125 0.3046875
0 0.396875 0.23828125 0.1625 0.2390625
0 0.63984375 0.3171875 0.0546875 0.08125
0 0.7921875 0.31484375 0.065625 0.0859375
0 0.5578125 0.31484375 0.046875 0.0859375
0 0.5953125 0.3265625 0.059375 0.0625
0 0.51328125 0.32421875 0.0640625 0.0671875
0 0.76171875 0.3296875 0.0546875 0.05625
0 0.1609375 0.65390625 0.1046875 0.21875
0 0.05078125 0.690625 0.0984375 0.27421875
0 0.03828125 0.52890625 0.03046875 0.0796875
0 0.23359375 0.58203125 0.05546875 0.1578125
0 0.6484375 0.821875 0.12890625 0.27421875
0 0.72734375 0.825 0.2515625 0.346875
0 0.7984375 0.846875 0.14375 0.303125