0 0.1453125 0.184375 0.109375 0.24140625
0 0.58046875 0.1921875 0.0546875 0.234375
0 0.12890625 0.196875 0.1203125 0.225
0 0.521875 0.2484375 0.171875 0.375
0 0.49296875 0.26015625 0.13203125 0.35
0 0.41015625 0.30078125 0.2515625 0.4328125
0 0.3453125 0.328125 0.175 0.378125
0 0.50234375 0.0625 0.0484375 0.09296875
0 0.309375 0.0765625 0.0671875 0.1515625
0 0.42109375 0.10078125 0.05859375 0.1515625
0 0.28515625 0.11328125 0.1109375 0.20859375
0 0.41171875 0.121875 0.06953125 0.11953125
0 0.27109375 0.14609375 0.07890625 0.16875
0 0.70859375 0.14453125 0.06796875 0.19765625
0 0.646875 0.171875 0.075 0.203125
0 0.95390625 0.1875 0.0890625 0.2625
0 0.86640625 0.2359375 0.13671875 0.29296875
0 0.74921875 0.3234375 0.1609375 0.3875
0 0.26796875 0.8640625 0.2796875 0.26875
0 0.746875 0.7375 0.21796875 0.30078125
0 0.671875 0.79921875 0.125 0.3328125