0 0.31875 0.33984375 0.09375 0.1171875
0 0.0234375 0.35390625 0.046875 0.0890625
0 0.08671875 0.3671875 0.1234375 0.0625
0 0.7390625 0.0921875 0.140625 0.184375
0 0.8875 0.19921875 0.221875 0.3984375
0 0.66328125 0.03671875 0.1046875 0.0734375
0 0.55078125 0.03828125 0.1359375 0.0765625
0 0.025 0.88125 0.05 0.109375
0 0.159375 0.934375 0.0875 0.128125
0 0.1140625 0.9453125 0.0875 0.10625
0 0.06015625 0.96875 0.1046875 0.059375
0 0.6984375 0.84765625 0.059375 0.1078125
0 0.646875 0.8609375 0.05859375 0.12734375
0 0.609375 0.87421875 0.0546875 0.12734375
0 0.56484375 0.8828125 0.046875 0.1328125
0 0.5140625 0.91171875 0.071875 0.1453125
0 0.8390625 0.9140625 0.0859375 0.153125
0 0.4421875 0.921875 0.046875 0.153125
0 0.79375 0.92890625 0.0875 0.1390625
0 0.73984375 0.95234375 0.1046875 0.0921875