0 0.40859375 0.13359375 0.0390625 0.2671875
0 0.26953125 0.2015625 0.17734375 0.37265625
0 0.546875 0.11328125 0.059375 0.1078125
0 0.4953125 0.1265625 0.05859375 0.12734375
0 0.4578125 0.13984375 0.0546875 0.12734375
0 0.965625 0.17421875 0.065625 0.1703125
0 0.6875 0.1796875 0.0859375 0.153125
0 0.64140625 0.21484375 0.0859375 0.1796875
0 0.58828125 0.26796875 0.10390625 0.190625
0 0.04453125 0.95 0.0671875 0.096875
0 0.18515625 0.975 0.0984375 0.046875
0 0.5984375 0.9609375 0.059375 0.075
0 0.7546875 0.95625 0.0625 0.084375
0 0.55 0.96640625 0.05 0.0640625
0 0.50546875 0.965625 0.0515625 0.065625
0 0.4640625 0.9734375 0.065625 0.05
0 0.715625 0.9796875 0.053125 0.0375