0 0.35 0.4 0.09609375 0.22734375
0 0.434375 0.4125 0.0875 0.290625
0 0.1265625 0.25625 0.1109375 0.16171875
0 0.25703125 0.2890625 0.1203125 0.225
0 0.88203125 0.15 0.06328125 0.1609375
0 0.51328125 0.17578125 0.0671875 0.1703125
0 0.58203125 0.20625 0.06171875 0.175
0 0.64921875 0.24765625 0.10546875 0.27109375
0 0.775 0.36015625 0.12109375 0.3796875
0 0.25390625 0.61640625 0.0921875 0.1140625
0 0.14765625 0.64375 0.1234375 0.16875
0 0.28984375 0.790625 0.13203125 0.296875
0 0.734375 0.68359375 0.21875 0.2484375
0 0.60078125 0.721875 0.2421875 0.325