0 0.034375 0.11015625 0.06875 0.2109375
0 0.134375 0.15078125 0.109375 0.29453125
0 0.6296875 0.3453125 0.096875 0.184375
0 0.73046875 0.3359375 0.1203125 0.203125
0 0.91328125 0.3640625 0.1703125 0.146875
0 0.55859375 0.25703125 0.0796875 0.2265625
0 0.36875 0.7953125 0.09609375 0.22734375
0 0.46328125 0.83046875 0.1078125 0.3359375
0 0.1453125 0.6515625 0.1109375 0.16171875
0 0.27578125 0.684375 0.1203125 0.225
0 0.64765625 0.7265625 0.2578125 0.54375
0 0.8625 0.484375 0.10625 0.090625
0 0.95 0.51640625 0.096875 0.1546875
0 0.96171875 0.590625 0.0734375 0.303125