0 0.36484375 0.25 0.0859375 0.39375
0 0.590625 0.03984375 0.08125 0.0796875
0 0.8921875 0.0828125 0.0875 0.165625
0 0.76953125 0.18125 0.1578125 0.3625
0 0.753125 0.2109375 0.20625 0.421875
0 0.5375 0.23984375 0.196875 0.4796875
0 0.54609375 0.2375 0.1609375 0.4484375
0 0.5296875 0.02890625 0.1875 0.0578125
0 0.69375 0.02734375 0.1125 0.0546875
0 0.4875 0.02265625 0.084375 0.0453125
0 0.734375 0.01953125 0.04375 0.0390625
0 0.6734375 0.0296875 0.0625 0.059375
0 0.925 0.046875 0.0625 0.09375
0 0.1421875 0.60703125 0.08125 0.159375
0 0.33671875 0.63046875 0.1421875 0.2234375
0 0.05703125 0.81640625 0.1140625 0.3640625
0 0.91328125 0.95703125 0.0609375 0.0828125
0 0.8609375 0.95859375 0.059375 0.0796875
0 0.8234375 0.96484375 0.05625 0.0671875
0 0.77890625 0.96796875 0.0484375 0.0609375
0 0.72890625 0.9796875 0.0734375 0.0375