0 0.19921875 0.03984375 0.0546875 0.0796875
0 0.61015625 0.04765625 0.0140625 0.0953125
0 0.14609375 0.0515625 0.05859375 0.103125
0 0.35625 0.06796875 0.06328125 0.11484375
0 0.096875 0.06875 0.04453125 0.1296875
0 0.053125 0.0890625 0.0625 0.14140625
0 0.321875 0.0984375 0.053125 0.12890625
0 0.00703125 0.11484375 0.0140625 0.1640625
0 0.2828125 0.1453125 0.0578125 0.1359375
0 0.2421875 0.1953125 0.08125 0.1375
0 0.6796875 0.30859375 0.121875 0.3390625
0 0.68828125 0.33046875 0.1390625 0.2953125
0 0.96640625 0.35546875 0.0640625 0.2453125
0 0.0359375 0.51015625 0.071875 0.0609375
0 0.3328125 0.553125 0.0875 0.146875
0 0.21015625 0.6515625 0.1578125 0.34375
0 0.19375 0.68125 0.20625 0.403125
0 0.03828125 0.71015625 0.0765625 0.4609375
0 0.034375 0.7015625 0.06875 0.44375
0 0.134375 0.49765625 0.1125 0.0359375
0 0.1140625 0.5 0.0625 0.040625
0 0.365625 0.5171875 0.0625 0.075
0 0.68203125 0.57578125 0.1140625 0.1921875
0 0.87265625 0.68984375 0.2515625 0.4203125