0 0.5625 0.01953125 0.059375 0.0390625
0 0.71875 0.02734375 0.0625 0.0546875
0 0.5140625 0.01796875 0.05 0.0359375
0 0.46953125 0.02734375 0.0515625 0.0546875
0 0.971875 0.05546875 0.053125 0.1109375
0 0.428125 0.04140625 0.065625 0.0828125
0 0.37109375 0.05234375 0.0890625 0.1046875
0 0.6796875 0.0484375 0.053125 0.096875
0 0.27734375 0.06171875 0.0765625 0.1234375
0 0.6453125 0.071875 0.078125 0.14375
0 0.6015625 0.10546875 0.0921875 0.2015625
0 0.15859375 0.703125 0.1578125 0.428125
0 0.0421875 0.7671875 0.084375 0.4625
0 0.1140625 0.49765625 0.115625 0.16015625
0 0.44765625 0.41328125 0.06484375 0.16328125
0 0.375 0.4640625 0.071875 0.16953125
0 0.29296875 0.47578125 0.08671875 0.24453125
0 0.71875 0.47734375 0.1046875 0.21875
0 0.60859375 0.5140625 0.0984375 0.27421875
0 0.49375 0.615625 0.16015625 0.42421875
0 0.59609375 0.35234375 0.03046875 0.0796875
0 0.79140625 0.40546875 0.05546875 0.1578125