0 0.271875 0.4 0.12890625 0.27421875
0 0.0375 0.409375 0.075 0.225
0 0.31640625 0.4140625 0.1828125 0.36875
0 0.040625 0.42421875 0.08125 0.2828125
0 0.37890625 0.44140625 0.0578125 0.3359375
0 0.43515625 0.23828125 0.0515625 0.1984375
0 0.6859375 0.28046875 0.11796875 0.2609375
0 0.58359375 0.3296875 0.13671875 0.29296875
0 0.478125 0.44765625 0.1375 0.4484375
0 0.246875 0.93203125 0.059375 0.1078125
0 0.1953125 0.93984375 0.059375 0.1171875
0 0.1578125 0.94609375 0.05625 0.1046875
0 0.11328125 0.94921875 0.0484375 0.0984375
0 0.06328125 0.9609375 0.0734375 0.075
0 0.37578125 0.96015625 0.0640625 0.0765625
0 0.3421875 0.97109375 0.0875 0.0546875
0 0.7984375 0.975 0.04375 0.046875
0 0.590625 0.95703125 0.1875 0.0828125
0 0.7546875 0.9765625 0.1125 0.04375