0 0.2578125 0.13515625 0.1296875 0.2328125
0 0.19453125 0.1921875 0.2375 0.37265625
0 0.13203125 0.20390625 0.13203125 0.35
0 0.0875 0.24609375 0.175 0.4359375
0 0.0359375 0.30546875 0.071875 0.4453125
0 0.1421875 0.0265625 0.05 0.053125
0 0.06015625 0.0609375 0.0609375 0.121875
0 0.071875 0.06171875 0.06953125 0.11953125
0 0.34296875 0.06875 0.0515625 0.1375
0 0.8046875 0.171875 0.04765625 0.12890625
0 0.75234375 0.19140625 0.06015625 0.146875
0 0.71171875 0.209375 0.0515625 0.1390625
0 0.97734375 0.240625 0.0421875 0.175
0 0.64609375 0.2453125 0.075 0.16171875
0 0.94140625 0.2796875 0.07109375 0.18671875
0 0.8859375 0.36875 0.14453125 0.21640625
0 0.36328125 0.84609375 0.2765625 0.3046875
0 0.79609375 0.7640625 0.4046875 0.46875