0 0.17890625 0.18515625 0.05234375 0.0875
0 0.12578125 0.2015625 0.05859375 0.103125
0 0.3359375 0.21796875 0.06328125 0.11484375
0 0.0765625 0.21875 0.04453125 0.1296875
0 0.0328125 0.2390625 0.0625 0.14140625
0 0.3015625 0.2484375 0.053125 0.12890625
0 0.2625 0.2953125 0.0578125 0.1359375
0 0.221875 0.3453125 0.08125 0.1375
0 0.71875 0.13828125 0.07890625 0.146875
0 0.9875 0.178125 0.021875 0.240625
0 0.89765625 0.30078125 0.15546875 0.38828125
0 0.88046875 0.32734375 0.2046875 0.45234375
0 0.665625 0.3453125 0.196875 0.44375
0 0.675 0.35625 0.1625 0.421875
0 0.6578125 0.0953125 0.1875 0.190625
0 0.821875 0.1015625 0.11015625 0.17109375
0 0.615625 0.1078125 0.08203125 0.1390625
0 0.86171875 0.1078125 0.0421875 0.12578125
0 0.8015625 0.11875 0.06171875 0.14375
0 0.128125 0.92421875 0.059375 0.1078125
0 0.0765625 0.9359375 0.059375 0.125
0 0.0390625 0.9421875 0.05625 0.1125
0 0.009375 0.9453125 0.01875 0.10625
0 0.53125 0.94921875 0.034375 0.0984375
0 0.26875 0.95625 0.0875 0.084375
0 0.2234375 0.9671875 0.0875 0.0625
0 0.7890625 0.90859375 0.0875 0.1796875
0 0.66640625 0.9328125 0.1578125 0.13125
0 0.6515625 0.9296875 0.203125 0.1375
0 0.5984375 0.8625 0.096875 0.171875
0 0.63046875 0.86875 0.0421875 0.12578125
0 0.57578125 0.88046875 0.0515625 0.1453125
0 0.82109375 0.89453125 0.0609375 0.1828125