0 0.25234375 0.42109375 0.3953125 0.3921875
0 0.30390625 0.25 0.1 0.146875
0 0.1453125 0.2609375 0.17109375 0.2125
0 0.984375 0.07265625 0.028125 0.0890625
0 0.94453125 0.0890625 0.05859375 0.103125
0 0.8953125 0.10625 0.04453125 0.1296875
0 0.8515625 0.1265625 0.0625 0.14140625
0 0.7796875 0.15234375 0.06484375 0.16171875
0 0.65625 0.18984375 0.0921875 0.15546875
0 0.56171875 0.2453125 0.0640625 0.175
0 0.68359375 0.9390625 0.05234375 0.0875
0 0.8359375 0.94453125 0.065625 0.1078125
0 0.6015625 0.94453125 0.046875 0.1078125
0 0.6390625 0.95625 0.059375 0.084375
0 0.559375 0.95390625 0.059375 0.0890625
0 0.80546875 0.959375 0.0546875 0.078125
0 0.7671875 0.98046875 0.059375 0.0359375