0 0.346875 0.33203125 0.10625 0.1921875
0 0.2421875 0.36640625 0.178125 0.1234375
0 0.03828125 0.26953125 0.0765625 0.1140625
0 0.1625 0.29453125 0.10234375 0.15546875
0 0.80703125 0.3265625 0.1734375 0.203125
0 0.3625 0.7953125 0.12890625 0.27421875
0 0.11875 0.8046875 0.09140625 0.2234375
0 0.44140625 0.809375 0.25078125 0.36640625
0 0.1109375 0.81875 0.12109375 0.28125
0 0.5125 0.83359375 0.14375 0.3296875
0 0.67890625 0.79375 0.0578125 0.109375
0 0.8171875 0.859375 0.0859375 0.153125
0 0.77109375 0.89453125 0.0859375 0.1796875
0 0.71796875 0.925 0.1046875 0.146875