0 0.2328125 0.20546875 0.059375 0.1078125
0 0.18125 0.21875 0.05859375 0.12734375
0 0.14375 0.23203125 0.0546875 0.12734375
0 0.09921875 0.240625 0.046875 0.1328125
0 0.0484375 0.26953125 0.071875 0.1453125
0 0.3734375 0.271875 0.0859375 0.153125
0 0.32734375 0.30703125 0.0859375 0.1796875
0 0.27421875 0.36015625 0.10390625 0.190625
0 0.709375 0.4328125 0.18125 0.23125
0 0.115625 0.89140625 0.07890625 0.146875
0 0.4171875 0.9046875 0.0875 0.1875
0 0.29453125 0.92890625 0.1578125 0.1390625
0 0.278125 0.92578125 0.20625 0.1453125
0 0.08046875 0.9375 0.1609375 0.121875
0 0.0765625 0.9484375 0.153125 0.1
0 0.07421875 0.83671875 0.1484375 0.2140625
0 0.21875 0.8546875 0.11015625 0.17109375
0 0.02734375 0.8609375 0.0546875 0.140625
0 0.25859375 0.8609375 0.0421875 0.12578125
0 0.1984375 0.871875 0.06171875 0.14375
0 0.44921875 0.88671875 0.0609375 0.1828125
0 0.7125 0.625 0.0875 0.15
0 0.62890625 0.7234375 0.0796875 0.346875
0 0.6328125 0.753125 0.0875 0.40625
0 0.7453125 0.5890625 0.0625 0.078125