0 0.06484375 0.0921875 0.1296875 0.184375
0 0.06875 0.121875 0.1375 0.24375
0 0.6625 0.28984375 0.2375 0.1765625
0 0.13125 0.64296875 0.0609375 0.1875
0 0.4375 0.64765625 0.08125 0.1671875
0 0.06171875 0.67890625 0.06171875 0.2015625
0 0.01015625 0.6984375 0.0203125 0.225
0 0.35390625 0.72578125 0.20234375 0.24140625
0 0.171875 0.815625 0.175 0.365625
0 0.28125 0.58671875 0.05390625 0.06953125
0 0.19375 0.61171875 0.04140625 0.09375
0 0.715625 0.80703125 0.1046875 0.21875
0 0.60546875 0.84375 0.0984375 0.27421875
0 0.52578125 0.865625 0.0921875 0.265625
0 0.59296875 0.68203125 0.03046875 0.0796875
0 0.78828125 0.73515625 0.05546875 0.1578125