0 0.18203125 0.34609375 0.0671875 0.1421875
0 0.12265625 0.3515625 0.0609375 0.13125
0 0.06796875 0.3609375 0.0671875 0.1125
0 0.0265625 0.3765625 0.053125 0.08125
0 0.32265625 0.37109375 0.0984375 0.0921875
0 0.33984375 0.69296875 0.09140625 0.209375
0 0.4515625 0.73359375 0.109375 0.29453125
0 0.24765625 0.56796875 0.1328125 0.21953125
0 0.7796875 0.89296875 0.059375 0.1078125
0 0.728125 0.90625 0.05859375 0.12734375
0 0.690625 0.91953125 0.0546875 0.12734375
0 0.64609375 0.928125 0.046875 0.1328125
0 0.59609375 0.94140625 0.0734375 0.1140625
0 0.9203125 0.940625 0.0875 0.115625
0 0.875 0.9515625 0.0875 0.09375
0 0.82109375 0.975 0.1046875 0.046875
0 0.8140625 0.978125 0.1125 0.040625