0 0.3375 0.43359375 0.059375 0.1078125
0 0.2859375 0.446875 0.05859375 0.12734375
0 0.2484375 0.46015625 0.0546875 0.12734375
0 0.20390625 0.46484375 0.0484375 0.1265625
0 0.15390625 0.4765625 0.0734375 0.103125
0 0.05234375 0.4796875 0.1046875 0.096875
0 0.4234375 0.48671875 0.06875 0.0828125
0 0.76640625 0.17578125 0.2765625 0.3515625
0 0.02265625 0.6875 0.0453125 0.290625
0 0.15625 0.7125 0.17109375 0.33359375
0 0.36171875 0.725 0.1921875 0.3875
0 0.49296875 0.59921875 0.0671875 0.1390625
0 0.93828125 0.60078125 0.1203125 0.1421875
0 0.4875 0.6015625 0.05625 0.14375
0 0.8796875 0.6640625 0.2375 0.26875
0 0.81796875 0.6640625 0.1328125 0.26875
0 0.73515625 0.70625 0.2515625 0.353125
0 0.6703125 0.75859375 0.175 0.4578125
0 0.6109375 0.55546875 0.1125 0.0515625
0 0.59609375 0.56171875 0.0796875 0.0640625