0 0.4703125 0.37265625 0.234375 0.2703125
0 0.884375 0.11796875 0.07890625 0.146875
0 0.66015625 0.175 0.12109375 0.203125
0 0.97109375 0.29375 0.0546875 0.428125
0 0.83125 0.30546875 0.196875 0.4046875
0 0.840625 0.31640625 0.1625 0.3828125
0 0.8234375 0.08515625 0.1875 0.1703125
0 0.96484375 0.08359375 0.0671875 0.1671875
0 0.78125 0.0875 0.08203125 0.1390625
0 0.9671875 0.0984375 0.06171875 0.14375
0 0.3109375 0.64921875 0.1296875 0.2328125
0 0.24765625 0.70625 0.2375 0.37265625
0 0.18515625 0.71796875 0.13203125 0.35
0 0.1140625 0.76015625 0.228125 0.4359375
0 0.0625 0.79765625 0.125 0.4015625
0 0.1953125 0.53828125 0.05 0.0578125
0 0.01796875 0.56015625 0.0359375 0.1015625
0 0.11328125 0.57265625 0.0609375 0.1265625
0 0.0171875 0.59296875 0.034375 0.1671875
0 0.39609375 0.58046875 0.0515625 0.1421875
0 0.10390625 0.5796875 0.06953125 0.11953125
0 0.82421875 0.62109375 0.15234375 0.11328125
0 0.9671875 0.64609375 0.0625 0.1578125