0 0.3125 0.1734375 0.09609375 0.22734375
0 0.40078125 0.209375 0.0953125 0.3375
0 0.0890625 0.05546875 0.1125 0.1109375
0 0.2203125 0.08828125 0.121875 0.1765625
0 0.68125 0.21640625 0.059375 0.1078125
0 0.6296875 0.2296875 0.05859375 0.12734375
0 0.5921875 0.24296875 0.0546875 0.12734375
0 0.54765625 0.2515625 0.046875 0.1328125
0 0.496875 0.28046875 0.071875 0.1453125
0 0.821875 0.2828125 0.0859375 0.153125
0 0.77578125 0.31796875 0.0859375 0.1796875
0 0.72265625 0.37109375 0.10390625 0.190625
0 0.21796875 0.53359375 0.0609375 0.0671875
0 0.165625 0.54453125 0.059375 0.0890625
0 0.128125 0.5515625 0.05625 0.103125
0 0.08359375 0.55703125 0.0484375 0.1140625
0 0.03515625 0.5765625 0.0703125 0.146875
0 0.3578125 0.578125 0.0859375 0.153125
0 0.31171875 0.61328125 0.0859375 0.1796875
0 0.25859375 0.66640625 0.10390625 0.190625
0 0.47734375 0.7234375 0.0546875 0.275
0 0.546875 0.7375 0.19375 0.36875
0 0.5890625 0.7640625 0.14140625 0.334375
0 0.909375 0.82265625 0.14375 0.3515625