0 0.28828125 0.0359375 0.1328125 0.071875
0 0.20546875 0.078125 0.2515625 0.15625
0 0.140625 0.13046875 0.175 0.2609375
0 0.7421875 0.26484375 0.059375 0.1078125
0 0.690625 0.278125 0.05859375 0.12734375
0 0.65546875 0.29140625 0.0515625 0.1296875
0 0.8828125 0.33125 0.0859375 0.153125
0 0.8375 0.3421875 0.0875 0.13125
0 0.78359375 0.365625 0.1046875 0.084375
0 0.621875 0.85625 0.0125 0.115625
0 0.16796875 0.878125 0.05234375 0.0875
0 0.3203125 0.8875 0.06328125 0.11484375
0 0.0859375 0.8953125 0.04453125 0.1296875
0 0.59609375 0.90078125 0.0640625 0.1109375
0 0.1234375 0.9046875 0.05859375 0.103125
0 0.040625 0.9203125 0.0625 0.14140625
0 0.28984375 0.92421875 0.053125 0.12890625
0 0.01015625 0.934375 0.0203125 0.128125
0 0.2515625 0.95 0.059375 0.096875
0 0.21640625 0.97265625 0.0828125 0.0515625
0 0.95 0.65625 0.096875 0.234375
0 0.89140625 0.7125 0.2140625 0.375
0 0.84140625 0.72421875 0.13203125 0.35
0 0.75859375 0.765625 0.24921875 0.434375
0 0.70546875 0.80078125 0.1515625 0.3953125
0 0.85078125 0.5265625 0.0484375 0.09296875
0 0.6609375 0.540625 0.0625 0.153125
0 0.76953125 0.56484375 0.05859375 0.1515625
0 0.66015625 0.57734375 0.0609375 0.2109375
0 0.76015625 0.5859375 0.06953125 0.11953125
0 0.64453125 0.61015625 0.0296875 0.1703125