0 0.36953125 0.27578125 0.0171875 0.0890625
0 0.33515625 0.2921875 0.05859375 0.103125
0 0.2859375 0.309375 0.04453125 0.1296875
0 0.2421875 0.3296875 0.0625 0.14140625
0 0.1703125 0.340625 0.065625 0.134375
0 0.046875 0.3609375 0.09375 0.09375
0 0.59921875 0.3609375 0.0640625 0.09375
0 0.496875 0.3390625 0.071875 0.1375
0 0.5515625 0.35546875 0.0625 0.1046875
0 0.82109375 0.359375 0.0703125 0.096875
0 0.7796875 0.37578125 0.071875 0.0640625
0 0.43125 0.3578125 0.103125 0.1
0 0.2109375 0.56328125 0.0859375 0.2390625
0 0.08828125 0.68671875 0.15546875 0.38828125
0 0.0875 0.71328125 0.175 0.4546875
0 0.034375 0.49140625 0.06875 0.1640625
0 0.05234375 0.49375 0.0421875 0.12578125
0 0.01171875 0.50546875 0.0234375 0.1453125
0 0.24296875 0.51953125 0.0609375 0.1828125
0 0.884375 0.53203125 0.08125 0.159375
0 0.5109375 0.5421875 0.09140625 0.1828125
0 0.5890625 0.575 0.09296875 0.19140625
0 0.6421875 0.62890625 0.11953125 0.26640625
0 0.77109375 0.74296875 0.16796875 0.36484375