0 0.240625 0.33359375 0.1296875 0.2328125
0 0.17734375 0.38515625 0.2390625 0.3640625
0 0.11484375 0.396875 0.1328125 0.340625
0 0.07890625 0.396875 0.1578125 0.340625
0 0.12421875 0.2046875 0.0484375 0.09296875
0 0.04296875 0.24296875 0.05859375 0.1515625
0 0.990625 0.1390625 0.015625 0.10625
0 0.5828125 0.14140625 0.06171875 0.13984375
0 0.53515625 0.16171875 0.0515625 0.1328125
0 0.484375 0.17734375 0.05234375 0.1375
0 0.4390625 0.19609375 0.0578125 0.16484375
0 0.73125 0.20703125 0.0734375 0.17109375
0 0.371875 0.2359375 0.08125 0.1796875
0 0.6765625 0.28359375 0.08671875 0.1796875
0 0.628125 0.33828125 0.10625 0.19140625
0 0.028125 0.84140625 0.05625 0.3140625
0 0.184375 0.86953125 0.18125 0.2578125
0 0.76875 0.77421875 0.0609375 0.1640625
0 0.7109375 0.79140625 0.059375 0.16015625
0 0.66484375 0.8140625 0.0609375 0.165625
0 0.61640625 0.83515625 0.0703125 0.165625
0 0.54453125 0.85859375 0.1234375 0.25078125
0 0.9140625 0.8609375 0.08203125 0.1875
0 0.4171875 0.8796875 0.121875 0.2375
0 0.8578125 0.90078125 0.0890625 0.17734375
0 0.34375 0.925 0.06875 0.146875
0 0.80625 0.94375 0.1 0.109375