0 0.06328125 0.43828125 0.1265625 0.0984375
0 0.36796875 0.4359375 0.2796875 0.103125
0 0.853125 0.059375 0.08125 0.11875
0 0.6296875 0.10234375 0.121875 0.2046875
0 0.97578125 0.20703125 0.0453125 0.3890625
0 0.95546875 0.23359375 0.0859375 0.4546875
0 0.8 0.25859375 0.196875 0.4578125
0 0.809375 0.26953125 0.1625 0.4359375
0 0.6 0.2578125 0.0625 0.459375
0 0.6078125 0.27578125 0.078125 0.4234375
0 0.7921875 0.0484375 0.1875 0.096875
0 0.9609375 0.03359375 0.075 0.0671875
0 0.8046875 0.05390625 0.196875 0.1078125
0 0.94921875 0.046875 0.0984375 0.09375
0 0.75 0.0421875 0.084375 0.084375
0 0.9359375 0.04921875 0.0625 0.0984375
0 0.4734375 0.5890625 0.1875 0.2
0 0.35703125 0.66875 0.2484375 0.359375
0 0.6328125 0.79765625 0.07890625 0.146875
0 0.934375 0.83671875 0.0859375 0.2390625
0 0.81171875 0.88203125 0.1578125 0.2328125
0 0.7953125 0.87890625 0.20625 0.2390625
0 0.6234375 0.890625 0.109375 0.215625
0 0.61953125 0.9015625 0.1015625 0.19375
0 0.77890625 0.7359375 0.0421875 0.12578125
0 0.6171875 0.74296875 0.096875 0.2140625
0 0.7359375 0.7609375 0.11015625 0.17109375
0 0.715625 0.778125 0.06171875 0.14375
0 0.96640625 0.79296875 0.0609375 0.1828125