0 0.33359375 0.1296875 0.06796875 0.1078125
0 0.29140625 0.16328125 0.06328125 0.1078125
0 0.23359375 0.16640625 0.07265625 0.153125
0 0.1796875 0.17109375 0.07109375 0.15546875
0 0.1171875 0.2265625 0.07578125 0.18359375
0 0.02578125 0.271875 0.0515625 0.190625
0 0.35078125 0.3421875 0.0734375 0.20625
0 0.7734375 0.0796875 0.096875 0.159375
0 0.87421875 0.125 0.1203125 0.25
0 0.68125 0.02421875 0.121875 0.0484375
0 0.3703125 0.73125 0.034375 0.109375
0 0.34609375 0.76484375 0.06328125 0.1078125
0 0.28828125 0.76796875 0.07265625 0.153125
0 0.234375 0.77265625 0.07109375 0.15546875
0 0.171875 0.828125 0.07578125 0.18359375
0 0.053125 0.8734375 0.10625 0.190625
0 0.7 0.64453125 0.07890625 0.146875
0 0.978125 0.684375 0.040625 0.240625
0 0.47578125 0.7015625 0.12109375 0.203125
0 0.87890625 0.80546875 0.1578125 0.3859375
0 0.8625 0.80234375 0.20625 0.3921875
0 0.646875 0.8140625 0.196875 0.36875
0 0.65625 0.825 0.1625 0.346875
0 0.6390625 0.5890625 0.1859375 0.2125
0 0.803125 0.6078125 0.11015625 0.17109375
0 0.596875 0.6140625 0.08203125 0.1390625
0 0.84296875 0.6140625 0.0421875 0.12578125
0 0.7828125 0.625 0.06171875 0.14375