0 0.03671875 0.0296875 0.0734375 0.059375
0 0.2703125 0.08046875 0.1 0.1609375
0 0.1546875 0.16875 0.1625 0.3375
0 0.46953125 0.35859375 0.06484375 0.16328125
0 0.4015625 0.409375 0.065625 0.171875
0 0.740625 0.41484375 0.10625 0.2046875
0 0.63125 0.41953125 0.1 0.1953125
0 0.515625 0.4328125 0.1625 0.16875
0 0.61796875 0.29765625 0.03046875 0.0796875
0 0.81328125 0.35078125 0.05546875 0.1578125
0 0.0828125 0.61640625 0.096875 0.1953125
0 0.18359375 0.66171875 0.1203125 0.2859375
0 0.32421875 0.7609375 0.0859375 0.475
0 0.6328125 0.80859375 0.059375 0.1078125
0 0.58125 0.821875 0.05859375 0.12734375
0 0.54375 0.83515625 0.0546875 0.12734375
0 0.49921875 0.84375 0.046875 0.1328125
0 0.4484375 0.87265625 0.071875 0.1453125
0 0.7734375 0.875 0.0859375 0.153125
0 0.384375 0.896875 0.03125 0.18125
0 0.728125 0.909375 0.0875 0.178125
0 0.67421875 0.9328125 0.1046875 0.13125