0 0.0890625 0.14453125 0.07890625 0.146875
0 0.390625 0.18359375 0.0859375 0.2390625
0 0.26796875 0.30703125 0.15546875 0.38828125
0 0.25078125 0.33359375 0.2046875 0.45234375
0 0.0671875 0.37421875 0.134375 0.4890625
0 0.06328125 0.3765625 0.1265625 0.45
0 0.0609375 0.0984375 0.121875 0.196875
0 0.1921875 0.1078125 0.11015625 0.17109375
0 0.0140625 0.1140625 0.028125 0.140625
0 0.23203125 0.1140625 0.0421875 0.12578125
0 0.171875 0.125 0.06171875 0.14375
0 0.42265625 0.13984375 0.0609375 0.1828125
0 0.53125 0.28984375 0.04375 0.1484375
0 0.74296875 0.32421875 0.06875 0.221875
0 0.7015625 0.35546875 0.07109375 0.21796875
0 0.665625 0.3953125 0.0796875 0.2125
0 0.6046875 0.4984375 0.14375 0.3
0 0.3140625 0.82421875 0.3875 0.3484375
0 0.56953125 0.69375 0.1109375 0.0875
0 0.56171875 0.69609375 0.1046875 0.0921875
0 0.92890625 0.75859375 0.1390625 0.2171875
0 0.91640625 0.75859375 0.1328125 0.2171875
0 0.83359375 0.80078125 0.2515625 0.3015625
0 0.76875 0.82421875 0.175 0.3484375