0 0.4765625 0.234375 0.05859375 0.12734375
0 0.4390625 0.24765625 0.0546875 0.12734375
0 0.39453125 0.25625 0.046875 0.1328125
0 0.34375 0.28515625 0.071875 0.1453125
0 0.2359375 0.309375 0.11796875 0.17890625
0 0.1578125 0.34765625 0.0921875 0.17109375
0 0.7234375 0.03984375 0.046875 0.0796875
0 0.77578125 0.0359375 0.0640625 0.071875
0 0.68671875 0.05546875 0.0484375 0.1109375
0 0.62421875 0.07578125 0.07109375 0.1390625
0 0.91015625 0.09296875 0.06171875 0.12734375
0 0.54140625 0.12109375 0.0640625 0.1453125
0 0.85859375 0.1578125 0.09140625 0.17265625
0 0.1625 0.56640625 0.059375 0.1078125
0 0.1109375 0.5796875 0.05859375 0.12734375
0 0.0734375 0.59296875 0.0546875 0.12734375
0 0.02890625 0.6015625 0.046875 0.1328125
0 0.0078125 0.63125 0.015625 0.146875
0 0.303125 0.6328125 0.0859375 0.153125
0 0.25703125 0.66796875 0.0859375 0.1796875
0 0.20390625 0.72109375 0.10390625 0.190625
0 0.671875 0.57109375 0.08125 0.1234375
0 0.9640625 0.6140625 0.06875 0.209375
0 0.85078125 0.72109375 0.15546875 0.38828125
0 0.83359375 0.74765625 0.2046875 0.45234375
0 0.61875 0.77109375 0.196875 0.4546875
0 0.628125 0.78203125 0.1625 0.4328125
0 0.6109375 0.56015625 0.1875 0.1015625
0 0.775 0.55859375 0.1125 0.0984375
0 0.56875 0.55390625 0.084375 0.0890625
0 0.815625 0.55078125 0.04375 0.0828125
0 0.7546875 0.5609375 0.0625 0.103125
0 0.98671875 0.578125 0.0234375 0.1375