0 0.16640625 0.41484375 0.11484375 0.29921875
0 0.33671875 0.44296875 0.1625 0.2890625
0 0.5296875 0.46875 0.17109375 0.33359375
0 0.740625 0.38828125 0.1046875 0.21875
0 0.66015625 0.425 0.0421875 0.275
0 0.81328125 0.31640625 0.05546875 0.1578125
0 0.3546875 0.78203125 0.13125 0.2265625
0 0.29140625 0.83359375 0.2390625 0.3296875
0 0.22890625 0.834375 0.1328125 0.328125
0 0.14609375 0.834375 0.2515625 0.328125
0 0.084375 0.86171875 0.16875 0.2734375
0 0.2390625 0.68203125 0.05 0.0265625
0 0.0453125 0.70390625 0.06875 0.0703125
0 0.15703125 0.71640625 0.0609375 0.0953125
0 0.0390625 0.73671875 0.078125 0.1359375
0 0.43984375 0.72421875 0.0515625 0.1109375
0 0.14765625 0.71875 0.0703125 0.1
0 0.0234375 0.74296875 0.046875 0.1484375