0 0.16953125 0.01796875 0.0734375 0.0359375
0 0.24140625 0.03515625 0.0640625 0.0703125
0 0.2859375 0.0796875 0.0625 0.159375
0 0.57421875 0.07734375 0.1703125 0.1546875
0 0.759375 0.05390625 0.1125 0.1078125
0 0.1484375 0.5921875 0.1109375 0.16171875
0 0.26796875 0.62578125 0.0984375 0.2265625
0 0.47421875 0.75625 0.06875 0.17734375
0 0.53671875 0.76171875 0.07734375 0.1359375
0 0.42890625 0.7828125 0.06640625 0.19140625
0 0.3828125 0.796875 0.0640625 0.1765625
0 0.6796875 0.81796875 0.0890625 0.190625
0 0.3375 0.821875 0.0375 0.184375
0 0.97734375 0.83359375 0.0421875 0.1828125
0 0.62734375 0.884375 0.0890625 0.228125
0 0.5796875 0.92109375 0.096875 0.1546875