0 0.2953125 0.07265625 0.0875 0.1453125
0 0.17265625 0.17109375 0.1578125 0.3421875
0 0.15625 0.19375 0.20625 0.3875
0 0.096875 0.0171875 0.1125 0.034375
0 0.0765625 0.01953125 0.0625 0.0390625
0 0.328125 0.03671875 0.0625 0.0734375
0 0.6421875 0.13203125 0.07890625 0.146875
0 0.94375 0.17109375 0.0859375 0.2390625
0 0.4546875 0.18984375 0.05 0.2046875
0 0.82109375 0.24375 0.1578125 0.2875
0 0.8046875 0.240625 0.20625 0.29375
0 0.5890625 0.25234375 0.196875 0.2703125
0 0.5984375 0.26328125 0.1625 0.2484375
0 0.58125 0.0921875 0.1875 0.184375
0 0.7453125 0.0953125 0.11015625 0.17109375
0 0.5390625 0.1015625 0.08203125 0.1390625
0 0.78515625 0.1015625 0.0421875 0.12578125
0 0.725 0.1125 0.06171875 0.14375
0 0.971875 0.128125 0.053125 0.184375
0 0.3796875 0.71015625 0.096875 0.3296875
0 0.06015625 0.4515625 0.0953125 0.125
0 0.17578125 0.43671875 0.0921875 0.0953125
0 0.19140625 0.57421875 0.09296875 0.25625
0 0.48046875 0.75 0.1015625 0.275
0 0.55 0.7640625 0.240625 0.36875
0 0.615625 0.790625 0.14140625 0.334375
0 0.93125 0.8359375 0.134375 0.325