0 0.15546875 0.03515625 0.0703125 0.0703125
0 0.11328125 0.05234375 0.0640625 0.1046875
0 0.05546875 0.06484375 0.0734375 0.1296875
0 0.01875 0.06796875 0.0375 0.1359375
0 0.30546875 0.08984375 0.090625 0.1515625
0 0.24765625 0.146875 0.08671875 0.1515625
0 0.19296875 0.22734375 0.1140625 0.2046875
0 0.7109375 0.10234375 0.07890625 0.146875
0 0.98359375 0.1421875 0.0296875 0.240625
0 0.51875 0.16015625 0.059375 0.2046875
0 0.88984375 0.26484375 0.15546875 0.38828125
0 0.87265625 0.29140625 0.2046875 0.45234375
0 0.6578125 0.32265625 0.196875 0.4703125
0 0.66640625 0.334375 0.1609375 0.4484375
0 0.65 0.07734375 0.1875 0.1546875
0 0.8140625 0.07578125 0.1125 0.1515625
0 0.6078125 0.071875 0.08203125 0.1390625
0 0.85390625 0.071875 0.0421875 0.12578125
0 0.79375 0.0828125 0.06171875 0.14375
0 0.1 0.71484375 0.11796875 0.2609375
0 0.03359375 0.7640625 0.0671875 0.29375
0 0.88125 0.671875 0.13125 0.225
0 0.6375 0.6640625 0.09375 0.209375
0 0.91640625 0.70234375 0.1640625 0.2859375
0 0.6296875 0.6859375 0.121875 0.253125
0 0.97890625 0.7078125 0.0390625 0.296875