0 0.4171875 0.10390625 0.059375 0.1078125
0 0.365625 0.1171875 0.05859375 0.12734375
0 0.328125 0.13046875 0.0546875 0.12734375
0 0.28359375 0.1390625 0.046875 0.1328125
0 0.2328125 0.16796875 0.071875 0.1453125
0 0.125 0.1921875 0.11796875 0.17890625
0 0.48828125 0.20625 0.0390625 0.18125
0 0.046875 0.23046875 0.0921875 0.17109375
0 0.45703125 0.25859375 0.1015625 0.1921875
0 0.60859375 0.33203125 0.06484375 0.16328125
0 0.54140625 0.3828125 0.0640625 0.171875
0 0.8796875 0.39609375 0.1046875 0.21875
0 0.76953125 0.4328125 0.0984375 0.27421875
0 0.6546875 0.45 0.1625 0.25625
0 0.75703125 0.27109375 0.03046875 0.0796875
0 0.95234375 0.32421875 0.05546875 0.1578125
0 0.24296875 0.67578125 0.1578125 0.1921875
0 0.2265625 0.70546875 0.20625 0.2515625
0 0.0546875 0.734375 0.109375 0.309375
0 0.05078125 0.72578125 0.1015625 0.2921875
0 0.94375 0.6546875 0.109375 0.15
0 0.63671875 0.7890625 0.2546875 0.41875