0 0.0921875 0.17109375 0.07890625 0.146875
0 0.39375 0.21015625 0.0859375 0.2390625
0 0.27109375 0.29375 0.1578125 0.309375
0 0.2546875 0.290625 0.20625 0.315625
0 0.06875 0.30234375 0.1375 0.2921875
0 0.06484375 0.31328125 0.1296875 0.2703125
0 0.0625 0.11640625 0.125 0.2140625
0 0.1953125 0.134375 0.11015625 0.17109375
0 0.015625 0.140625 0.03125 0.140625
0 0.23515625 0.140625 0.0421875 0.12578125
0 0.175 0.1515625 0.06171875 0.14375
0 0.42578125 0.16640625 0.0609375 0.1828125
0 0.8875 0.31640625 0.14375 0.2640625
0 0.49453125 0.7625 0.27578125 0.321875
0 0.86875 0.7609375 0.09140625 0.1828125
0 0.946875 0.79375 0.09296875 0.19140625
0 0.96875 0.84765625 0.059375 0.2671875