0 0.35 0.0921875 0.096875 0.171875
0 0.45078125 0.0890625 0.1203125 0.178125
0 0.1265625 0.02890625 0.1125 0.0578125
0 0.2578125 0.06171875 0.121875 0.1234375
0 0.953125 0.065625 0.090625 0.13125
0 0.89453125 0.0890625 0.2078125 0.178125
0 0.84765625 0.0890625 0.1328125 0.178125
0 0.7703125 0.0890625 0.240625 0.178125
0 0.71875 0.0890625 0.1375 0.178125
0 0.01796875 0.5171875 0.0359375 0.24375
0 0.453125 0.52421875 0.1296875 0.2328125
0 0.0125 0.53046875 0.025 0.2265625
0 0.38984375 0.58125 0.2375 0.37265625
0 0.32734375 0.59296875 0.13203125 0.35
0 0.24453125 0.634375 0.24921875 0.434375
0 0.1796875 0.71484375 0.17265625 0.48359375
0 0.33671875 0.3953125 0.0484375 0.09296875
0 0.14375 0.409375 0.0671875 0.1515625
0 0.25546875 0.43359375 0.05859375 0.1515625
0 0.11953125 0.44609375 0.1109375 0.20859375
0 0.53828125 0.45078125 0.05 0.15078125
0 0.24609375 0.4546875 0.06953125 0.11953125
0 0.10546875 0.47890625 0.07890625 0.16875
0 0.7140625 0.45625 0.128125 0.234375
0 0.709375 0.5125 0.11875 0.375
0 0.79765625 0.38203125 0.05 0.15078125