0 0.2078125 0.18046875 0.059375 0.1078125
0 0.15625 0.19375 0.05859375 0.12734375
0 0.11875 0.2 0.05625 0.115625
0 0.07421875 0.203125 0.0484375 0.109375
0 0.03046875 0.21484375 0.0609375 0.0859375
0 0.3484375 0.2140625 0.0875 0.0875
0 0.303125 0.225 0.0875 0.065625
0 0.584375 0.11171875 0.059375 0.1078125
0 0.5328125 0.125 0.05859375 0.12734375
0 0.4953125 0.13828125 0.0546875 0.12734375
0 0.45234375 0.146875 0.0453125 0.134375
0 0.984375 0.17265625 0.028125 0.1703125
0 0.725 0.178125 0.0859375 0.153125
0 0.6796875 0.190625 0.0875 0.134375
0 0.62578125 0.2140625 0.1046875 0.0875
0 0.01640625 0.51640625 0.0328125 0.2953125
0 0.484375 0.5375 0.09609375 0.22734375
0 0.58515625 0.5734375 0.11875 0.3359375
0 0.7734375 0.69921875 0.18046875 0.47421875