0 0.27578125 0.29375 0.0703125 0.06875
0 0.33828125 0.30703125 0.0796875 0.0421875
0 0.23046875 0.303125 0.0671875 0.05
0 0.878125 0.30078125 0.096875 0.0546875
0 0.6546875 0.24375 0.1109375 0.16171875
0 0.7859375 0.24609375 0.121875 0.1640625
0 0.278125 0.7640625 0.12890625 0.27421875
0 0.040625 0.7734375 0.08125 0.225
0 0.35703125 0.778125 0.25078125 0.36640625
0 0.04375 0.78828125 0.0875 0.2828125
0 0.428125 0.8046875 0.14140625 0.334375
0 0.946875 0.64921875 0.07890625 0.146875
0 0.72265625 0.70625 0.12109375 0.203125
0 0.89375 0.81640625 0.196875 0.3640625
0 0.903125 0.82734375 0.1625 0.3421875
0 0.65703125 0.815625 0.1359375 0.365625
0 0.66484375 0.83359375 0.1515625 0.3296875
0 0.8859375 0.59375 0.1859375 0.2125
0 0.8984375 0.609375 0.19609375 0.203125
0 0.84375 0.61875 0.08203125 0.1390625