0 0.0640625 0.34453125 0.07890625 0.146875
0 0.365625 0.38359375 0.0859375 0.2390625
0 0.24296875 0.41015625 0.1578125 0.1953125
0 0.2265625 0.40703125 0.20625 0.2015625
0 0.0546875 0.41875 0.109375 0.178125
0 0.05078125 0.4296875 0.1015625 0.15625
0 0.0484375 0.28984375 0.096875 0.2140625
0 0.1671875 0.3078125 0.11015625 0.17109375
0 0.20703125 0.3140625 0.0421875 0.12578125
0 0.146875 0.325 0.06171875 0.14375
0 0.39765625 0.33984375 0.0609375 0.1828125
0 0.86171875 0.046875 0.0609375 0.09375
0 0.809375 0.0578125 0.059375 0.115625
0 0.771875 0.06484375 0.0546875 0.12734375
0 0.72734375 0.0734375 0.046875 0.1328125
0 0.68203125 0.103125 0.0640625 0.146875
0 0.978125 0.10546875 0.040625 0.1546875
0 0.95546875 0.13984375 0.0859375 0.1796875
0 0.90234375 0.19296875 0.10390625 0.190625
0 0.63671875 0.76171875 0.0234375 0.1046875
0 0.23359375 0.7703125 0.06796875 0.1078125
0 0.19140625 0.80390625 0.06328125 0.1078125
0 0.13359375 0.80703125 0.07265625 0.153125
0 0.0796875 0.81171875 0.07109375 0.15546875
0 0.38359375 0.84453125 0.090625 0.1515625
0 0.028125 0.8671875 0.05625 0.184375
0 0.32578125 0.9015625 0.08671875 0.1515625
0 0.271875 0.9390625 0.115625 0.11875
0 0.7015625 0.7703125 0.103125 0.3375
0 0.88125 0.828125 0.18125 0.340625