0 0.0296875 0.47734375 0.059375 0.1078125
0 0.43203125 0.53828125 0.0328125 0.1703125
0 0.1703125 0.54375 0.0859375 0.153125
0 0.12421875 0.57890625 0.0859375 0.1796875
0 0.07109375 0.63203125 0.10390625 0.190625
0 0.6359375 0.30859375 0.1046875 0.21875
0 0.52578125 0.3453125 0.0984375 0.27421875
0 0.47109375 0.446875 0.0421875 0.425
0 0.51328125 0.18359375 0.03046875 0.0796875
0 0.99296875 0.21328125 0.0109375 0.1140625
0 0.70859375 0.23671875 0.05546875 0.1578125
0 0.0296875 0.8578125 0.059375 0.196875
0 0.09921875 0.87890625 0.1984375 0.2390625
0 0.14375 0.87890625 0.14375 0.2390625
0 0.4203125 0.87890625 0.05625 0.2390625
0 0.48515625 0.80859375 0.0703125 0.0984375
0 0.93515625 0.81015625 0.1265625 0.1015625
0 0.4796875 0.8109375 0.059375 0.103125
0 0.87421875 0.8734375 0.2390625 0.228125
0 0.81171875 0.8734375 0.1328125 0.228125
0 0.72890625 0.87890625 0.2515625 0.2390625
0 0.6640625 0.87890625 0.175 0.2390625