0 0.246875 0.4640625 0.228125 0.26875
0 0.7171875 0.38828125 0.08125 0.159375
0 0.91953125 0.40234375 0.1578125 0.2421875
0 0.62421875 0.50703125 0.1296875 0.1828125
0 0.38515625 0.740625 0.071875 0.10234375
0 0.28515625 0.75234375 0.06484375 0.1875
0 0.52890625 0.75703125 0.0578125 0.1640625
0 0.33828125 0.7578125 0.07109375 0.125
0 0.2453125 0.77421875 0.0640625 0.1578125
0 0.19375 0.8109375 0.08125 0.196875
0 0.5109375 0.8109375 0.09375 0.175
0 0.4734375 0.821875 0.1078125 0.11015625
0 0.09453125 0.8328125 0.1015625 0.1796875
0 0.42109375 0.87734375 0.125 0.15625
0 0.0359375 0.88515625 0.071875 0.1953125
0 0.7421875 0.65078125 0.0875 0.1015625
0 0.696875 0.675 0.0875 0.15
0 0.64296875 0.71171875 0.10390625 0.190625
0 0.6359375 0.71796875 0.1109375 0.190625