0 0.02109375 0.0296875 0.0421875 0.059375
0 0.303125 0.07265625 0.0875 0.1453125
0 0.18046875 0.17109375 0.1578125 0.3421875
0 0.1640625 0.20078125 0.20625 0.4015625
0 0.0234375 0.2296875 0.046875 0.459375
0 0.01953125 0.22109375 0.0390625 0.4421875
0 0.1046875 0.0171875 0.1125 0.034375
0 0.084375 0.01953125 0.0625 0.0390625
0 0.3359375 0.03671875 0.0625 0.0734375
0 0.746875 0.17109375 0.290625 0.3421875
0 0.3828125 0.621875 0.096875 0.165625
0 0.48359375 0.6671875 0.1203125 0.25625
0 0.290625 0.56640625 0.121875 0.0546875
0 0.715625 0.70234375 0.1046875 0.21875
0 0.61796875 0.7390625 0.0765625 0.275
0 0.59453125 0.57890625 0.0296875 0.0796875
0 0.78828125 0.63046875 0.05546875 0.1578125