0 0.29375 0.15078125 0.1296875 0.2328125
0 0.23046875 0.2078125 0.2375 0.37265625
0 0.16796875 0.21953125 0.13203125 0.35
0 0.10546875 0.26171875 0.2109375 0.4359375
0 0.05390625 0.34140625 0.1078125 0.4859375
0 0.178125 0.034375 0.05 0.06875
0 0.009375 0.05625 0.01875 0.1125
0 0.09609375 0.06875 0.0609375 0.1375
0 0.1078125 0.07734375 0.06953125 0.11953125
0 0.37890625 0.07734375 0.05 0.15078125
0 0.70078125 0.11484375 0.06484375 0.16328125
0 0.628125 0.165625 0.071875 0.16953125
0 0.54609375 0.17734375 0.08671875 0.24453125
0 0.95859375 0.17890625 0.0796875 0.2203125
0 0.86171875 0.215625 0.0984375 0.27421875
0 0.746875 0.3171875 0.16015625 0.42421875
0 0.84921875 0.05390625 0.03046875 0.0796875
0 0.234375 0.66875 0.0875 0.1375
0 0.11171875 0.7671875 0.1578125 0.334375
0 0.09921875 0.796875 0.1984375 0.39375
0 0.2671875 0.6328125 0.0625 0.065625