0 0.8875 0.128125 0.18125 0.25625
0 0.50078125 0.71484375 0.05234375 0.0875
0 0.44765625 0.73125 0.05859375 0.103125
0 0.3984375 0.7484375 0.04453125 0.1296875
0 0.3546875 0.76875 0.0625 0.14140625
0 0.2828125 0.79453125 0.06484375 0.16171875
0 0.159375 0.83203125 0.0921875 0.15546875
0 0.515625 0.87578125 0.025 0.1390625
0 0.05546875 0.88671875 0.08203125 0.1734375
0 0.81875 0.7484375 0.09609375 0.22734375
0 0.91953125 0.784375 0.11875 0.3359375
0 0.5953125 0.6046875 0.1109375 0.16171875
0 0.72578125 0.6375 0.1203125 0.225