0 0.01015625 0.0921875 0.0203125 0.159375
0 0.3328125 0.09765625 0.10625 0.1953125
0 0.803125 0.09921875 0.13125 0.1984375
0 0.32734375 0.1 0.0953125 0.2
0 0.73984375 0.1625 0.2390625 0.325
0 0.67734375 0.1625 0.1328125 0.325
0 0.59453125 0.2046875 0.2515625 0.409375
0 0.5296875 0.253125 0.175 0.45
0 0.49375 0.02109375 0.06875 0.0421875
0 0.60546875 0.03359375 0.0609375 0.0671875
0 0.4703125 0.05390625 0.1125 0.1078125
0 0.88828125 0.04140625 0.0515625 0.0828125
0 0.59609375 0.0359375 0.0703125 0.071875
0 0.45546875 0.06015625 0.0796875 0.1203125
0 0.0921875 0.7703125 0.0859375 0.153125
0 0.04609375 0.80546875 0.0859375 0.1796875
0 0.02265625 0.85859375 0.0453125 0.1921875