0 0.21796875 0.12421875 0.06796875 0.19765625
0 0.14609375 0.1515625 0.09375 0.20078125
0 0.053125 0.20234375 0.1 0.25625
0 0.253125 0.3234375 0.15 0.428125
0 0.6265625 0.4359375 0.096875 0.203125
0 0.72734375 0.4265625 0.1203125 0.221875
0 0.91171875 0.4546875 0.1734375 0.165625
0 0.403125 0.3046875 0.1109375 0.16171875
0 0.53359375 0.3375 0.1203125 0.225
0 0.140625 0.89453125 0.11171875 0.165625
0 0.071875 0.925 0.14375 0.146875
0 0.66875 0.815625 0.12890625 0.27421875
0 0.425 0.825 0.09140625 0.2234375
0 0.74765625 0.821875 0.2515625 0.353125
0 0.4171875 0.8390625 0.12109375 0.28125
0 0.81875 0.84375 0.14375 0.309375