0 0.35625 0.08203125 0.13125 0.1640625
0 0.29296875 0.1453125 0.2390625 0.290625
0 0.23046875 0.1453125 0.1328125 0.290625
0 0.14765625 0.1875 0.2515625 0.375
0 0.08515625 0.23984375 0.1703125 0.4796875
0 0.15859375 0.01640625 0.0609375 0.0328125
0 0.03984375 0.03671875 0.0796875 0.0734375
0 0.44140625 0.02421875 0.0515625 0.0484375
0 0.14921875 0.01875 0.0703125 0.0375
0 0.02421875 0.04296875 0.0484375 0.0859375
0 0.8421875 0.27421875 0.1296875 0.2328125
0 0.77890625 0.33125 0.2375 0.37265625
0 0.71640625 0.34296875 0.13203125 0.35
0 0.67421875 0.3421875 0.1703125 0.35
0 0.62265625 0.36953125 0.0671875 0.2953125
0 0.72578125 0.1453125 0.0484375 0.09296875
0 0.64453125 0.18359375 0.05859375 0.1515625
0 0.92734375 0.20078125 0.05 0.15078125
0 0.1765625 0.75078125 0.21796875 0.3421875
0 0.34609375 0.7796875 0.3640625 0.4375
0 0.97578125 0.765625 0.0453125 0.134375
0 0.9265625 0.79453125 0.071875 0.1453125
0 0.81875 0.81875 0.11796875 0.17890625
0 0.740625 0.85703125 0.0921875 0.17109375