0 0.31875 0.45859375 0.059375 0.1078125
0 0.2671875 0.471875 0.05859375 0.12734375
0 0.2296875 0.48515625 0.0546875 0.12734375
0 0.18515625 0.49375 0.046875 0.1328125
0 0.134375 0.52265625 0.071875 0.1453125
0 0.459375 0.5234375 0.0875 0.15
0 0.04296875 0.52734375 0.0859375 0.1421875
0 0.4140625 0.534375 0.0875 0.128125
0 0.36015625 0.5578125 0.1046875 0.08125
0 0.82265625 0.446875 0.2015625 0.303125
0 0.90390625 0.421875 0.1890625 0.353125
0 0.67265625 0.315625 0.1203125 0.2765625
0 0.31875 0.67890625 0.13125 0.1578125
0 0.075 0.67109375 0.09375 0.1421875
0 0.39765625 0.709375 0.2515625 0.21875
0 0.0671875 0.69296875 0.121875 0.1859375
0 0.46875 0.71484375 0.14375 0.2296875
0 0.559375 0.75234375 0.01875 0.1484375
0 0.8296875 0.79140625 0.0859375 0.2390625
0 0.70703125 0.859375 0.1578125 0.278125
0 0.690625 0.85625 0.20625 0.284375
0 0.63125 0.715625 0.11015625 0.17109375
0 0.67109375 0.721875 0.0421875 0.12578125
0 0.6109375 0.7328125 0.06171875 0.14375
0 0.86171875 0.74765625 0.0609375 0.1828125