0 0.2296875 0.07734375 0.0578125 0.13984375
0 0.3859375 0.08203125 0.0625 0.1640625
0 0.18125 0.08125 0.04921875 0.12734375
0 0.1359375 0.08984375 0.05 0.14765625
0 0.0953125 0.1109375 0.06328125 0.159375
0 0.04140625 0.11953125 0.0828125 0.1890625
0 0.34609375 0.12421875 0.0515625 0.1609375
0 0.3125 0.1578125 0.0765625 0.1890625
0 0.26875 0.21484375 0.0921875 0.2015625
0 0.73125 0.0609375 0.09375 0.121875
0 0.809375 0.0796875 0.09375 0.159375
0 0.8625 0.125 0.121875 0.25
0 0.95234375 0.23046875 0.0921875 0.3671875
0 0.13203125 0.6171875 0.2359375 0.234375
0 0.6453125 0.86171875 0.1296875 0.2328125
0 0.6203125 0.86484375 0.1625 0.2671875
0 0.5625 0.8765625 0.046875 0.24375
0 0.546875 0.7328125 0.015625 0.09375
0 0.73046875 0.78828125 0.05 0.15078125