0 0.1953125 0.29609375 0.0609375 0.1640625
0 0.596875 0.30078125 0.040625 0.1078125
0 0.1375 0.31328125 0.059375 0.16015625
0 0.09140625 0.3359375 0.0609375 0.165625
0 0.04296875 0.35703125 0.0703125 0.165625
0 0.0171875 0.38046875 0.034375 0.2515625
0 0.340625 0.3828125 0.08203125 0.1875
0 0.284375 0.42265625 0.0890625 0.17734375
0 0.2328125 0.47421875 0.1 0.1265625
0 0.90625 0.46328125 0.059375 0.1078125
0 0.8546875 0.475 0.059375 0.125
0 0.8171875 0.48125 0.05625 0.1125
0 0.77265625 0.484375 0.0484375 0.10625
0 0.72265625 0.49609375 0.0734375 0.0828125
0 0.36171875 0.86796875 0.05234375 0.0875
0 0.30859375 0.884375 0.05859375 0.103125
0 0.51875 0.90078125 0.06328125 0.11484375
0 0.259375 0.9015625 0.04453125 0.1296875
0 0.215625 0.921875 0.0625 0.14140625
0 0.484375 0.93125 0.053125 0.12890625
0 0.14375 0.93203125 0.065625 0.1328125
0 0.4453125 0.95390625 0.059375 0.0890625
0 0.03359375 0.95234375 0.0671875 0.0921875
0 0.40546875 0.97890625 0.0828125 0.0390625
0 0.715625 0.62421875 0.13125 0.1703125
0 0.6953125 0.6875 0.153125 0.296875
0 0.6375 0.6875 0.0375 0.296875
0 0.80078125 0.56640625 0.0515625 0.0546875