0 0.240625 0.47578125 0.059375 0.1078125
0 0.1890625 0.4890625 0.05859375 0.12734375
0 0.1515625 0.50234375 0.0546875 0.12734375
0 0.10703125 0.5109375 0.046875 0.1328125
0 0.05625 0.53984375 0.071875 0.1453125
0 0.38125 0.5421875 0.0859375 0.153125
0 0.33515625 0.57734375 0.0859375 0.1796875
0 0.28203125 0.63046875 0.10390625 0.190625
0 0.6734375 0.503125 0.12890625 0.27421875
0 0.75234375 0.5171875 0.25078125 0.36640625
0 0.8234375 0.54375 0.14140625 0.334375
0 0.08203125 0.8828125 0.1203125 0.146875
0 0.2703125 0.90390625 0.18125 0.1890625