0 0.0921875 0.14765625 0.059375 0.1078125
0 0.040625 0.1609375 0.05859375 0.12734375
0 0.015625 0.17421875 0.03125 0.1296875
0 0.2328125 0.2140625 0.0859375 0.153125
0 0.18671875 0.24921875 0.0859375 0.1796875
0 0.13359375 0.30234375 0.10390625 0.190625
0 0.7609375 0.12734375 0.059375 0.1078125
0 0.709375 0.140625 0.05859375 0.12734375
0 0.671875 0.15390625 0.0546875 0.12734375
0 0.62734375 0.1625 0.046875 0.1328125
0 0.5765625 0.19140625 0.071875 0.1453125
0 0.9015625 0.19375 0.0859375 0.153125
0 0.46875 0.215625 0.11796875 0.17890625
0 0.85546875 0.22890625 0.0859375 0.1796875
0 0.403125 0.25390625 0.06875 0.1734375
0 0.80234375 0.28203125 0.10390625 0.190625
0 0.08828125 0.85859375 0.1765625 0.2796875
0 0.64375 0.946875 0.08125 0.103125
0 0.9453125 0.94375 0.0875 0.109375
0 0.425 0.96171875 0.1125 0.0734375
0 0.78984375 0.9078125 0.0421875 0.12578125
0 0.5828125 0.903125 0.1875 0.190625
0 0.7671875 0.92421875 0.1046875 0.13515625
0 0.5953125 0.91328125 0.196875 0.1703125
0 0.746875 0.92265625 0.1125 0.1515625
0 0.540625 0.93359375 0.084375 0.1296875
0 0.7265625 0.93828125 0.0625 0.1203125
0 0.97265625 0.9359375 0.0515625 0.125