0 0.08828125 0.4265625 0.1765625 0.35625
0 0.796875 0.2015625 0.09609375 0.22734375
0 0.89765625 0.2375 0.11875 0.3359375
0 0.5734375 0.06953125 0.1125 0.1390625
0 0.7046875 0.10234375 0.121875 0.2046875
0 0.23671875 0.65234375 0.1140625 0.0671875
0 0.40390625 0.70625 0.1078125 0.175
0 0.10390625 0.8015625 0.2078125 0.365625
0 0.7765625 0.634375 0.065625 0.03125
0 0.5421875 0.6421875 0.046875 0.046875
0 0.5796875 0.640625 0.059375 0.04375
0 0.49765625 0.6578125 0.0640625 0.078125
0 0.74609375 0.65625 0.0546875 0.075
0 0.7078125 0.68125 0.059375 0.125
0 0.67265625 0.72109375 0.08125 0.1375