0 0.5609375 0.09296875 0.08125 0.159375
0 0.1875 0.103125 0.09140625 0.1828125
0 0.265625 0.1359375 0.09296875 0.19140625
0 0.31875 0.18984375 0.11953125 0.26640625
0 0.44765625 0.29921875 0.1703125 0.3578125
0 0.9375 0.146875 0.121875 0.29375
0 0.9171875 0.1765625 0.1625 0.353125
0 0.740625 0.20546875 0.1625 0.4109375
0 0.73671875 0.196875 0.1546875 0.39375
0 0.403125 0.6609375 0.165625 0.3625
0 0.24375 0.6515625 0.165625 0.34375
0 0.08046875 0.7484375 0.1609375 0.384375
0 0.98671875 0.9109375 0.0234375 0.128125
0 0.9671875 0.92421875 0.0546875 0.12734375
0 0.92265625 0.9328125 0.046875 0.1328125
0 0.87265625 0.94375 0.0734375 0.109375
0 0.7640625 0.946875 0.11875 0.103125
0 0.69609375 0.96796875 0.0734375 0.0609375