0 0.2703125 0.07890625 0.07890625 0.146875
0 0.05390625 0.13671875 0.1078125 0.2046875
0 0.44921875 0.24140625 0.15546875 0.38828125
0 0.4328125 0.24921875 0.20625 0.4171875
0 0.2171875 0.2609375 0.196875 0.39375
0 0.2265625 0.271875 0.1625 0.371875
0 0.02421875 0.26015625 0.0484375 0.3953125
0 0.03203125 0.278125 0.0640625 0.359375
0 0.4171875 0.040625 0.04375 0.08125
0 0.209375 0.065625 0.1875 0.13125
0 0.39375 0.05078125 0.10625 0.1015625
0 0.221875 0.07109375 0.196875 0.1421875
0 0.3734375 0.0640625 0.1125 0.128125
0 0.1671875 0.059375 0.084375 0.11875
0 0.353125 0.06640625 0.0625 0.1328125
0 0.93515625 0.22578125 0.1265625 0.3890625
0 0.7953125 0.22734375 0.16328125 0.3453125
0 0.62578125 0.29609375 0.1734375 0.3234375
0 0.1015625 0.66875 0.09609375 0.22734375
0 0.20234375 0.7046875 0.11875 0.3359375
0 0.390625 0.7953125 0.18125 0.40625
0 0.03515625 0.565625 0.0703125 0.2125
0 0.896875 0.54140625 0.203125 0.1640625
0 0.77109375 0.5796875 0.2421875 0.240625
0 0.6265625 0.4890625 0.11875 0.059375