0 0.4640625 0.17578125 0.028125 0.0640625
0 0.428125 0.17734375 0.059375 0.0609375
0 0.390625 0.18359375 0.05625 0.0484375
0 0.34609375 0.18671875 0.0484375 0.0421875
0 0.86796875 0.15859375 0.0828125 0.0984375
0 0.51015625 0.1578125 0.0609375 0.1
0 0.571875 0.171875 0.09375 0.071875
0 0.625 0.18046875 0.121875 0.0546875
0 0.3203125 0.44765625 0.06171875 0.13984375
0 0.27265625 0.46796875 0.0515625 0.1328125
0 0.221875 0.48359375 0.05234375 0.1375
0 0.1765625 0.50234375 0.0578125 0.16484375
0 0.4546875 0.51328125 0.046875 0.1734375
0 0.109375 0.5421875 0.08125 0.1796875
0 0.0125 0.5671875 0.025 0.178125
0 0.4140625 0.58984375 0.08671875 0.1796875
0 0.365625 0.64453125 0.10625 0.19140625
0 0.5890625 0.6578125 0.21875 0.609375
0 0.784375 0.31875 0.10625 0.21875
0 0.8890625 0.36875 0.13125 0.2453125
0 0.915625 0.4890625 0.13671875 0.30078125