0 0.24375 0.06796875 0.096875 0.1359375
0 0.34453125 0.11328125 0.1203125 0.2265625
0 0.48984375 0.2109375 0.0953125 0.421875
0 0.878125 0.27890625 0.059375 0.1078125
0 0.8265625 0.2921875 0.05859375 0.12734375
0 0.7890625 0.30546875 0.0546875 0.12734375
0 0.74453125 0.3140625 0.046875 0.1328125
0 0.69375 0.34296875 0.071875 0.1453125
0 0.98671875 0.34609375 0.0234375 0.1546875
0 0.5921875 0.3671875 0.10625 0.18125
0 0.9640625 0.38125 0.06875 0.18125
0 0.91953125 0.43359375 0.10390625 0.190625
0 0.51640625 0.85859375 0.0421875 0.2578125
0 0.0734375 0.90703125 0.0671875 0.16171875
0 0.1375 0.90859375 0.11875 0.1796875
0 0.27578125 0.93984375 0.1515625 0.1171875
0 0.85625 0.796875 0.09609375 0.22734375
0 0.94765625 0.83125 0.1015625 0.334375
0 0.6328125 0.653125 0.1109375 0.16171875
0 0.76328125 0.6859375 0.1203125 0.225