0 0.03125 0.328125 0.0625 0.36875
0 0.03984375 0.35546875 0.0796875 0.3359375
0 0.30703125 0.425 0.1015625 0.375
0 0.83984375 0.38828125 0.06484375 0.14296875
0 0.78046875 0.40390625 0.059375 0.1546875
0 0.72578125 0.421875 0.06484375 0.15234375
0 0.67421875 0.45 0.0703125 0.146875
0 0.96484375 0.45859375 0.0671875 0.1859375
0 0.61328125 0.4953125 0.0984375 0.19453125
0 0.4921875 0.51953125 0.1234375 0.23125
0 0.92578125 0.534375 0.11171875 0.2296875
0 0.4046875 0.575 0.090625 0.246875
0 0.86640625 0.596875 0.1203125 0.203125
0 0.31875 0.7421875 0.059375 0.084375
0 0.04765625 0.81484375 0.090625 0.1515625
0 0.0171875 0.871875 0.034375 0.153125