0 0.39453125 0.3 0.05234375 0.0875
0 0.3125 0.3171875 0.04453125 0.1296875
0 0.35 0.3265625 0.05859375 0.103125
0 0.2671875 0.3421875 0.0625 0.14140625
0 0.503125 0.34609375 0.028125 0.1296875
0 0.2140625 0.3734375 0.06484375 0.16171875
0 0.478125 0.39140625 0.0578125 0.1359375
0 0.1078125 0.39921875 0.0921875 0.15546875
0 0.44296875 0.43828125 0.08125 0.1375
0 0.03359375 0.45625 0.0671875 0.175
0 0.925 0.22578125 0.1296875 0.2328125
0 0.86171875 0.2828125 0.2375 0.37265625
0 0.79921875 0.29453125 0.13203125 0.35
0 0.71640625 0.3359375 0.24921875 0.434375
0 0.6515625 0.40078125 0.175 0.4546875
0 0.80859375 0.096875 0.0484375 0.09296875
0 0.615625 0.1109375 0.0671875 0.1515625
0 0.72734375 0.13515625 0.05859375 0.1515625
0 0.59140625 0.14765625 0.1109375 0.20859375
0 0.7390625 0.15234375 0.06953125 0.11953125
0 0.99140625 0.15234375 0.0140625 0.1515625
0 0.57734375 0.18046875 0.07890625 0.16875
0 0.0265625 0.6609375 0.053125 0.0625
0 0.08828125 0.6796875 0.0546875 0.1
0 0.15078125 0.72109375 0.1140625 0.1828125
0 0.2828125 0.8140625 0.14375 0.36875
0 0.8359375 0.73359375 0.1625 0.2078125