0 0.02890625 0.096875 0.0578125 0.109375
0 0.1671875 0.1625 0.0859375 0.153125
0 0.12109375 0.19765625 0.0859375 0.1796875
0 0.06796875 0.25078125 0.10390625 0.190625
0 0.965625 0.1734375 0.065625 0.184375
0 0.63046875 0.1765625 0.0703125 0.19140625
0 0.6875 0.21796875 0.06171875 0.17890625
0 0.8359375 0.35390625 0.24921875 0.41953125
0 0.346875 0.83359375 0.06171875 0.13984375
0 0.29921875 0.85390625 0.0515625 0.1328125
0 0.2484375 0.86953125 0.05234375 0.1375
0 0.203125 0.88828125 0.0578125 0.16484375
0 0.13671875 0.91796875 0.0828125 0.1609375
0 0.02578125 0.93125 0.0515625 0.134375
0 0.378125 0.96640625 0.078125 0.0640625