0 0.125 0.28359375 0.096875 0.1484375
0 0.22578125 0.27421875 0.1203125 0.1671875
0 0.4140625 0.30234375 0.18125 0.1109375
0 0.046875 0.21328125 0.09375 0.2265625
0 0.8671875 0.30078125 0.096875 0.1140625
0 0.953125 0.29140625 0.090625 0.1328125
0 0.64375 0.2140625 0.1109375 0.16171875
0 0.775 0.24609375 0.121875 0.2234375
0 0.45703125 0.79296875 0.13515625 0.32890625
0 0.1171875 0.48515625 0.09375 0.22265625
0 0.2328125 0.50625 0.090625 0.12109375
0 0.24921875 0.65703125 0.09296875 0.25625
0 0.771875 0.778125 0.09140625 0.1828125
0 0.85 0.8109375 0.09296875 0.19140625
0 0.903125 0.86484375 0.11953125 0.26640625