0 0.2296875 0.32890625 0.21875 0.0765625
0 0.028125 0.32421875 0.05625 0.0859375
0 0.6765625 0.1078125 0.09375 0.215625
0 0.671875 0.17109375 0.084375 0.3421875
0 0.74296875 0.05 0.0515625 0.1
0 0.23828125 0.5875 0.06875 0.17734375
0 0.30078125 0.59296875 0.07734375 0.1359375
0 0.19296875 0.6140625 0.06640625 0.19140625
0 0.146875 0.628125 0.0640625 0.1765625
0 0.44375 0.64921875 0.0890625 0.190625
0 0.07109375 0.653125 0.096875 0.1828125
0 0.39140625 0.7171875 0.08828125 0.22890625
0 0.34375 0.7984375 0.0953125 0.24453125
0 0.95546875 0.496875 0.0859375 0.234375
0 0.896875 0.5546875 0.203125 0.371875
0 0.85234375 0.56484375 0.13203125 0.35
0 0.76953125 0.60625 0.24921875 0.434375
0 0.7109375 0.68671875 0.1625 0.4859375
0 0.8625 0.39140625 0.05 0.0453125
0 0.66875 0.41328125 0.06875 0.0890625
0 0.78046875 0.42578125 0.0609375 0.1140625
0 0.665625 0.44609375 0.071875 0.1546875
0 0.77109375 0.428125 0.0703125 0.11875
0 0.65 0.45234375 0.040625 0.1671875