0 0.153125 0.20703125 0.290625 0.4140625
0 0.57578125 0.365625 0.27578125 0.321875
0 0.190625 0.87265625 0.059375 0.1078125
0 0.1390625 0.8859375 0.05859375 0.12734375
0 0.1015625 0.89921875 0.0546875 0.12734375
0 0.05703125 0.9078125 0.046875 0.1328125
0 0.021875 0.93125 0.04375 0.134375
0 0.33125 0.93046875 0.0875 0.1359375
0 0.2859375 0.94140625 0.0875 0.1140625
0 0.23203125 0.96484375 0.1046875 0.0671875
0 0.74921875 0.69765625 0.05234375 0.0875
0 0.69609375 0.7140625 0.05859375 0.103125
0 0.90625 0.73046875 0.06328125 0.11484375
0 0.646875 0.73125 0.04453125 0.1296875
0 0.603125 0.7515625 0.0625 0.14140625
0 0.871875 0.7609375 0.053125 0.12890625
0 0.53125 0.77734375 0.06484375 0.16171875
0 0.8328125 0.8078125 0.0578125 0.1359375
0 0.421875 0.81484375 0.065625 0.1578125
0 0.7921875 0.8578125 0.08125 0.1375