0 0.2859375 0.33828125 0.13125 0.0984375
0 0.22265625 0.33125 0.2390625 0.1125
0 0.16015625 0.34296875 0.1328125 0.0890625
0 0.16953125 0.2765625 0.0484375 0.09296875
0 0.08828125 0.31328125 0.0609375 0.1484375
0 0.37109375 0.321875 0.0515625 0.13125
0 0.628125 0.25 0.096875 0.275
0 0.49453125 0.5234375 0.1578125 0.26875
0 0.371875 0.55390625 0.159375 0.3296875
0 0.29296875 0.425 0.1109375 0.071875
0 0.9671875 0.84765625 0.059375 0.1078125
0 0.915625 0.8609375 0.05859375 0.12734375
0 0.878125 0.87421875 0.0546875 0.12734375
0 0.83359375 0.8828125 0.046875 0.1328125
0 0.7828125 0.91171875 0.071875 0.1453125
0 0.675 0.921875 0.11875 0.153125
0 0.61171875 0.94296875 0.0640625 0.1109375