0 0.0171875 0.284375 0.034375 0.109375
0 0.4234375 0.33359375 0.06875 0.1484375
0 0.14375 0.340625 0.0875 0.134375
0 0.0984375 0.3515625 0.0875 0.1125
0 0.0484375 0.375 0.096875 0.065625
0 0.690625 0.1890625 0.09609375 0.22734375
0 0.79140625 0.225 0.11875 0.3359375
0 0.94375 0.26015625 0.109375 0.2953125
0 0.49140625 0.06328125 0.0640625 0.1265625
0 0.5984375 0.09609375 0.121875 0.1921875
0 0.1765625 0.70625 0.12890625 0.27421875
0 0.25546875 0.7203125 0.25078125 0.36640625
0 0.3265625 0.746875 0.14140625 0.334375
0 0.82265625 0.59921875 0.16796875 0.29296875
0 0.61796875 0.68125 0.17734375 0.37265625