0 0.1828125 0.190625 0.12890625 0.27421875
0 0.26171875 0.2046875 0.25078125 0.36640625
0 0.3328125 0.23125 0.14140625 0.334375
0 0.528125 0.2765625 0.078125 0.1375
0 0.6703125 0.3265625 0.090625 0.18125
0 0.97265625 0.33671875 0.0515625 0.1609375
0 0.61796875 0.35078125 0.0890625 0.1328125
0 0.5703125 0.3875 0.096875 0.059375
0 0.9015625 0.49609375 0.13125 0.1546875
0 0.83828125 0.559375 0.2390625 0.28125
0 0.77578125 0.559375 0.1328125 0.28125
0 0.69296875 0.6015625 0.2515625 0.365625
0 0.628125 0.65390625 0.175 0.4703125
0 0.56875 0.45078125 0.1125 0.0640625
0 0.69453125 0.4328125 0.0703125 0.028125
0 0.55390625 0.45703125 0.0796875 0.0765625