0 0.096875 0.28046875 0.059375 0.1078125
0 0.0453125 0.29375 0.05859375 0.12734375
0 0.01796875 0.30703125 0.0359375 0.1296875
0 0.2375 0.334375 0.0875 0.128125
0 0.1921875 0.3453125 0.0875 0.10625
0 0.13828125 0.36875 0.1046875 0.059375
0 0.80625 0.246875 0.06953125 0.1671875
0 0.96171875 0.2578125 0.0734375 0.203125
0 0.4484375 0.271875 0.07109375 0.190625
0 0.51953125 0.30546875 0.0546875 0.1859375
0 0.58203125 0.31171875 0.1140625 0.1734375
0 0.7140625 0.33828125 0.14375 0.1203125
0 0.209375 0.78671875 0.0609375 0.1875
0 0.13984375 0.82265625 0.06171875 0.2015625
0 0.05625 0.8421875 0.08203125 0.2234375
0 0.36875 0.86953125 0.078125 0.2421875
0 0.25 0.8875 0.175 0.221875
0 0.359375 0.73046875 0.05390625 0.06953125
0 0.271875 0.75546875 0.04140625 0.09375
0 0.51875 0.634375 0.109375 0.24140625
0 0.9625 0.6421875 0.071875 0.234375
0 0.50234375 0.646875 0.1203125 0.225
0 0.90390625 0.6984375 0.1890625 0.375
0 0.86640625 0.71015625 0.13203125 0.35
0 0.78359375 0.7515625 0.24921875 0.434375
0 0.71875 0.79375 0.175 0.409375
0 0.87578125 0.5125 0.0484375 0.09296875
0 0.6828125 0.5265625 0.0671875 0.1515625
0 0.79453125 0.55078125 0.05859375 0.1515625
0 0.65859375 0.56328125 0.1109375 0.20859375
0 0.78515625 0.571875 0.06953125 0.11953125
0 0.64453125 0.59609375 0.07890625 0.16875