0 0.38046875 0.325 0.0359375 0.109375
0 0.29296875 0.325 0.0671875 0.20625
0 0.34296875 0.328125 0.05625 0.16171875
0 0.234375 0.34375 0.08203125 0.20234375
0 0.14140625 0.39296875 0.09765625 0.20078125
0 0.0546875 0.440625 0.109375 0.2125
0 0.778125 0.23828125 0.059375 0.1078125
0 0.7265625 0.2515625 0.05859375 0.12734375
0 0.6890625 0.26484375 0.0546875 0.12734375
0 0.64453125 0.2734375 0.046875 0.1328125
0 0.59375 0.30234375 0.071875 0.1453125
0 0.91875 0.3046875 0.0859375 0.153125
0 0.4859375 0.3265625 0.11796875 0.17890625
0 0.87265625 0.33984375 0.0859375 0.1796875
0 0.42734375 0.36484375 0.0546875 0.1734375
0 0.81953125 0.39296875 0.10390625 0.190625
0 0.115625 0.84609375 0.09296875 0.1515625
0 0.27578125 0.878125 0.0875 0.24140625
0 0.36328125 0.89375 0.0703125 0.209375
0 0.72421875 0.78359375 0.3953125 0.4296875
0 0.77578125 0.59765625 0.1015625 0.0578125
0 0.6171875 0.61953125 0.171875 0.1015625