0 0.3703125 0.209375 0.05625 0.15625
0 0.31796875 0.2265625 0.06484375 0.15234375
0 0.26640625 0.2546875 0.0703125 0.146875
0 0.20546875 0.3 0.0984375 0.19453125
0 0.084375 0.32421875 0.1234375 0.23125
0 0.02109375 0.384375 0.0421875 0.25625
0 0.6359375 0.23671875 0.07890625 0.146875
0 0.9375 0.27578125 0.0859375 0.2390625
0 0.43671875 0.29453125 0.0734375 0.2046875
0 0.81484375 0.39921875 0.15546875 0.38828125
0 0.79765625 0.42578125 0.2046875 0.45234375
0 0.5828125 0.43984375 0.196875 0.4359375
0 0.5921875 0.45078125 0.1625 0.4140625
0 0.575 0.18125 0.1859375 0.2125
0 0.7390625 0.2 0.11015625 0.17109375
0 0.5328125 0.20625 0.08203125 0.1390625
0 0.77890625 0.20625 0.0421875 0.12578125
0 0.71875 0.2171875 0.06171875 0.14375
0 0.96875 0.2328125 0.059375 0.184375
0 0.5390625 0.83671875 0.278125 0.3234375
0 0.88984375 0.6796875 0.0921875 0.040625
0 0.78359375 0.70703125 0.1234375 0.0953125
0 0.45234375 0.74375 0.1046875 0.16875
0 0.92578125 0.8171875 0.13203125 0.296875