0 0.025 0.115625 0.05 0.228125
0 0.10234375 0.16015625 0.1203125 0.3203125
0 0.290625 0.23359375 0.18125 0.3890625
0 0.58125 0.20390625 0.0625 0.1484375
0 0.8734375 0.24296875 0.0859375 0.2390625
0 0.75078125 0.3 0.1578125 0.25625
0 0.734375 0.296875 0.20625 0.2625
0 0.71796875 0.1421875 0.0421875 0.12578125
0 0.57734375 0.14921875 0.0546875 0.2140625
0 0.6953125 0.15859375 0.1046875 0.13515625
0 0.5859375 0.16484375 0.071875 0.2046875
0 0.675 0.1671875 0.11015625 0.17109375
0 0.6546875 0.184375 0.06171875 0.14375
0 0.90546875 0.19921875 0.0609375 0.1828125
0 0.05078125 0.5890625 0.1015625 0.26875
0 0.44140625 0.646875 0.2140625 0.371875
0 0.321875 0.746875 0.30234375 0.44765625
0 0.17421875 0.5359375 0.1109375 0.2125
0 0.7671875 0.78828125 0.33125 0.37578125