0 0.36796875 0.0390625 0.0671875 0.078125
0 0.30859375 0.05 0.0609375 0.1
0 0.25390625 0.0578125 0.0671875 0.115625
0 0.203125 0.07109375 0.071875 0.1421875
0 0.50859375 0.084375 0.0984375 0.16875
0 0.14140625 0.1125 0.0984375 0.19453125
0 0.04140625 0.13671875 0.0828125 0.2328125
0 0.45390625 0.1515625 0.11171875 0.2296875
0 0.39453125 0.23828125 0.11875 0.24921875
0 0.63984375 0.42578125 0.1015625 0.2234375
0 0.81875 0.45390625 0.18125 0.1671875
0 0.034375 0.71640625 0.06875 0.1484375
0 0.3296875 0.75546875 0.0859375 0.2390625
0 0.20703125 0.84140625 0.1578125 0.3140625
0 0.190625 0.83828125 0.20625 0.3203125
0 0.03671875 0.85 0.0734375 0.296875
0 0.0328125 0.8609375 0.065625 0.275
0 0.03046875 0.66171875 0.0609375 0.2140625
0 0.13125 0.6796875 0.11015625 0.17109375
0 0.17109375 0.6859375 0.0421875 0.12578125
0 0.1109375 0.696875 0.06171875 0.14375
0 0.36171875 0.71171875 0.0609375 0.1828125
0 0.9703125 0.75078125 0.05625 0.1609375
0 0.62265625 0.7609375 0.0671875 0.184375
0 0.6875 0.79375 0.09296875 0.19140625
0 0.740625 0.84765625 0.11953125 0.26640625
0 0.86953125 0.88828125 0.1703125 0.2203125