0 0.23984375 0.0296875 0.0546875 0.059375
0 0.2 0.0546875 0.059375 0.109375
0 0.159375 0.090625 0.08125 0.1375
0 0.7171875 0.34765625 0.0671875 0.16171875
0 0.78125 0.36875 0.11875 0.21875
0 0.91953125 0.4 0.1515625 0.15625
0 0.3359375 0.51171875 0.046875 0.0640625
0 0.0609375 0.5625 0.075 0.165625
0 0.3625 0.565625 0.03125 0.165625
0 0.025 0.6359375 0.05 0.18125
0 0.59453125 0.50546875 0.0640625 0.0515625
0 0.4921875 0.53984375 0.071875 0.1203125
0 0.546875 0.5234375 0.0625 0.0875
0 0.81640625 0.54140625 0.0703125 0.1234375
0 0.775 0.55625 0.071875 0.153125
0 0.42890625 0.584375 0.0984375 0.209375
0 0.7390625 0.575 0.08125 0.190625
0 0.678125 0.6703125 0.1421875 0.30859375