0 0.2578125 0.1359375 0.04765625 0.12890625
0 0.20546875 0.15546875 0.06015625 0.146875
0 0.16484375 0.1734375 0.0515625 0.1390625
0 0.47890625 0.18359375 0.06953125 0.1578125
0 0.434375 0.20390625 0.04765625 0.1734375
0 0.09921875 0.209375 0.075 0.16171875
0 0.0109375 0.2390625 0.021875 0.178125
0 0.39453125 0.24375 0.07109375 0.18671875
0 0.3390625 0.3109375 0.146875 0.175
0 0.13125 0.77578125 0.059375 0.1078125
0 0.0796875 0.7890625 0.05859375 0.12734375
0 0.0421875 0.80234375 0.0546875 0.12734375
0 0.0109375 0.8109375 0.021875 0.134375
0 0.55859375 0.8359375 0.08203125 0.16875
0 0.271875 0.8421875 0.0859375 0.153125
0 0.22578125 0.87734375 0.0859375 0.1796875
0 0.17265625 0.91640625 0.1046875 0.1640625
0 0.97890625 0.56796875 0.0390625 0.1546875
0 0.9421875 0.57265625 0.07109375 0.15546875
0 0.8796875 0.628125 0.07578125 0.18359375
0 0.75703125 0.6734375 0.1109375 0.1890625