0 0.04765625 0.30546875 0.06484375 0.16328125
0 0.31875 0.36953125 0.1046875 0.21875
0 0.20859375 0.40625 0.0984375 0.27421875
0 0.09375 0.4515625 0.1625 0.3125
0 0.19609375 0.24453125 0.03046875 0.0796875
0 0.39140625 0.29765625 0.05546875 0.1578125
0 0.6390625 0.35625 0.12890625 0.27421875
0 0.71796875 0.3703125 0.25078125 0.36640625
0 0.7890625 0.396875 0.14140625 0.334375
0 0.6953125 0.6953125 0.13125 0.171875
0 0.640625 0.75859375 0.221875 0.2984375
0 0.5828125 0.75859375 0.10625 0.2984375
0 0.57109375 0.80078125 0.0828125 0.3828125
0 0.78046875 0.6375 0.0515625 0.05625