0 0.146875 0.303125 0.09140625 0.1828125
0 0.225 0.3359375 0.09296875 0.19140625
0 0.278125 0.38984375 0.11953125 0.26640625
0 0.871875 0.31640625 0.08125 0.159375
0 0.4984375 0.3265625 0.09140625 0.1828125
0 0.5765625 0.359375 0.09296875 0.19140625
0 0.6296875 0.41328125 0.11953125 0.26640625
0 0.75859375 0.47109375 0.1703125 0.2546875
0 0.06875 0.92109375 0.07890625 0.146875
0 0.3421875 0.91953125 0.03125 0.1578125
0 0.24765625 0.94375 0.1578125 0.109375
0 0.23125 0.940625 0.20625 0.115625
0 0.05078125 0.86640625 0.1015625 0.2140625
0 0.171875 0.884375 0.11015625 0.17109375
0 0.21171875 0.890625 0.0421875 0.12578125
0 0.1515625 0.9015625 0.06171875 0.14375
0 0.63125 0.63671875 0.13125 0.0734375
0 0.56796875 0.7 0.2390625 0.2
0 0.50546875 0.7 0.1328125 0.2
0 0.45390625 0.7421875 0.1890625 0.284375
0 0.40234375 0.79453125 0.0859375 0.3890625