0 0.29765625 0.24296875 0.096875 0.25703125
0 0.07265625 0.28671875 0.1453125 0.3921875
0 0.68984375 0.14609375 0.05234375 0.0875
0 0.63671875 0.1625 0.05859375 0.103125
0 0.846875 0.17890625 0.06328125 0.11484375
0 0.5875 0.1796875 0.04453125 0.1296875
0 0.54375 0.2 0.0625 0.14140625
0 0.8125 0.209375 0.053125 0.12890625
0 0.471875 0.22578125 0.06484375 0.16171875
0 0.7734375 0.25625 0.0578125 0.1359375
0 0.7328125 0.30625 0.08125 0.1375
0 0.0703125 0.72578125 0.140625 0.1328125
0 0.3625 0.7703125 0.090625 0.221875
0 0.73671875 0.7234375 0.1578125 0.128125
0 0.7203125 0.753125 0.20625 0.1875
0 0.50625 0.78203125 0.19375 0.2453125
0 0.5140625 0.7734375 0.1625 0.228125