0 0.3640625 0.28125 0.12890625 0.27421875
0 0.1203125 0.290625 0.09140625 0.2234375
0 0.3828125 0.2953125 0.13125 0.36875
0 0.1125 0.3046875 0.12109375 0.28125
0 0.72265625 0.28671875 0.06484375 0.16328125
0 0.65 0.3375 0.071875 0.16953125
0 0.56796875 0.34921875 0.08671875 0.24453125
0 0.96953125 0.35078125 0.0578125 0.2203125
0 0.88359375 0.3875 0.0984375 0.27421875
0 0.76875 0.45234375 0.1625 0.3515625
0 0.87109375 0.22578125 0.03046875 0.0796875
0 0.2453125 0.71875 0.10625 0.178125
0 0.1359375 0.75078125 0.1 0.2421875
0 0.05078125 0.8140625 0.1015625 0.36875
0 0.31796875 0.66796875 0.0578125 0.0765625
0 0.909375 0.71015625 0.10625 0.1609375
0 0.8046875 0.80234375 0.17734375 0.3328125
0 0.56171875 0.64375 0.1546875 0.028125
0 0.725 0.6671875 0.103125 0.075