0 0.253125 0.19765625 0.059375 0.1078125
0 0.2015625 0.2109375 0.05859375 0.12734375
0 0.1640625 0.22421875 0.0546875 0.12734375
0 0.11953125 0.2328125 0.046875 0.1328125
0 0.653125 0.25859375 0.028125 0.1703125
0 0.06875 0.26171875 0.071875 0.1453125
0 0.39375 0.2640625 0.0859375 0.153125
0 0.34765625 0.29921875 0.0859375 0.1796875
0 0.29453125 0.35234375 0.10390625 0.190625
0 0.928125 0.14453125 0.059375 0.1078125
0 0.8765625 0.1578125 0.05859375 0.12734375
0 0.8390625 0.17109375 0.0546875 0.12734375
0 0.79453125 0.1796875 0.046875 0.1328125
0 0.74375 0.20859375 0.071875 0.1453125
0 0.68203125 0.2328125 0.0265625 0.18125
0 0.9890625 0.246875 0.01875 0.18125
0 0.9578125 0.29921875 0.08125 0.1921875
0 0.14296875 0.615625 0.0484375 0.03125
0 0.09296875 0.63359375 0.0734375 0.0671875
0 0.4171875 0.63671875 0.0875 0.0734375
0 0.021875 0.65390625 0.04375 0.1078125
0 0.371875 0.6609375 0.0875 0.121875
0 0.31796875 0.68984375 0.1046875 0.1796875
0 0.92265625 0.834375 0.06328125 0.1609375
0 0.70625 0.896875 0.075 0.203125
0 0.815625 0.9265625 0.121875 0.14375