0 0.32578125 0.2390625 0.4953125 0.478125
0 0.83515625 0.10703125 0.1203125 0.2140625
0 0.965625 0.2046875 0.065625 0.409375
0 0.340625 0.71015625 0.059375 0.1078125
0 0.2890625 0.7234375 0.05859375 0.12734375
0 0.2515625 0.73671875 0.0546875 0.12734375
0 0.20703125 0.7453125 0.046875 0.1328125
0 0.7375 0.77109375 0.021875 0.1703125
0 0.15625 0.77421875 0.071875 0.1453125
0 0.48125 0.7765625 0.0859375 0.153125
0 0.05390625 0.7984375 0.1078125 0.18125
0 0.43515625 0.81171875 0.0859375 0.1796875
0 0.38203125 0.86484375 0.10390625 0.190625
0 0.76640625 0.53515625 0.0328125 0.1109375
0 0.81015625 0.528125 0.0796875 0.096875
0 0.953125 0.56953125 0.090625 0.1796875
0 0.90078125 0.63125 0.08828125 0.22890625
0 0.853125 0.7125 0.0953125 0.24453125