0 0.01640625 0.28671875 0.0328125 0.2734375
0 0.1125 0.37578125 0.171875 0.2453125
0 0.34296875 0.0265625 0.0734375 0.053125
0 0.26015625 0.05078125 0.0890625 0.1015625
0 0.6859375 0.0453125 0.10625 0.090625
0 0.5765625 0.07734375 0.1 0.1546875
0 0.4609375 0.165625 0.1625 0.33125
0 0.16328125 0.83984375 0.0703125 0.3171875
0 0.15859375 0.8515625 0.0796875 0.29375
0 0.09921875 0.8515625 0.1984375 0.29375
0 0.0625 0.87890625 0.125 0.2390625
0 0.184375 0.6828125 0.028125 0.09375
0 0.01796875 0.696875 0.0359375 0.153125
0 0.11328125 0.72109375 0.05859375 0.1515625
0 0.0171875 0.73359375 0.034375 0.2109375
0 0.10390625 0.7421875 0.06953125 0.11953125
0 0.21796875 0.86796875 0.0359375 0.1484375
0 0.8328125 0.875 0.06953125 0.1671875
0 0.975 0.8859375 0.046875 0.203125
0 0.475 0.9 0.07109375 0.190625
0 0.54609375 0.91953125 0.0546875 0.1578125
0 0.60859375 0.92578125 0.1140625 0.1453125
0 0.740625 0.95234375 0.14375 0.0921875