0 0.93984375 0.0125 0.0546875 0.025
0 0.88671875 0.025 0.0609375 0.05
0 0.8375 0.03984375 0.046875 0.0796875
0 0.79453125 0.053125 0.0640625 0.10625
0 0.721875 0.07109375 0.065625 0.1421875
0 0.6171875 0.09765625 0.05625 0.1578125
0 0.9703125 0.14140625 0.05625 0.1390625
0 0.05390625 0.60234375 0.06484375 0.16328125
0 0.009375 0.653125 0.01875 0.171875
0 0.325 0.66640625 0.1046875 0.21875
0 0.21484375 0.703125 0.0984375 0.27421875
0 0.1 0.7953125 0.1625 0.40625
0 0.20234375 0.54140625 0.03046875 0.0796875
0 0.39765625 0.59453125 0.05546875 0.1578125
0 0.9109375 0.671875 0.175 0.371875
0 0.8109375 0.771875 0.30234375 0.44765625
0 0.6625 0.5421875 0.109375 0.246875