0 0.15859375 0.0765625 0.0640625 0.153125
0 0.32109375 0.09296875 0.0765625 0.1859375
0 0.05625 0.2828125 0.1125 0.38125
0 0.62890625 0.34375 0.3953125 0.428125
0 0.68046875 0.1546875 0.1 0.146875
0 0.521875 0.165625 0.17109375 0.2125
0 0.371875 0.8765625 0.0125 0.134375
0 0.3390625 0.90546875 0.071875 0.1453125
0 0.23125 0.91875 0.11875 0.159375
0 0.153125 0.93984375 0.09375 0.1171875
0 0.7359375 0.74609375 0.059375 0.1078125
0 0.684375 0.759375 0.05859375 0.12734375
0 0.646875 0.77265625 0.0546875 0.12734375
0 0.60234375 0.78125 0.046875 0.1328125
0 0.5515625 0.81015625 0.071875 0.1453125
0 0.8765625 0.8125 0.0859375 0.153125
0 0.44375 0.834375 0.11796875 0.17890625
0 0.83046875 0.84765625 0.0859375 0.1796875
0 0.39609375 0.87265625 0.0328125 0.1734375
0 0.77734375 0.90078125 0.10390625 0.190625
0 0.7703125 0.9046875 0.1125 0.1875