0 0.409375 0.0921875 0.096875 0.184375
0 0.309375 0.1484375 0.178125 0.2375
0 0.071875 0.02578125 0.14375 0.0515625
0 0.2296875 0.04921875 0.103125 0.0984375
0 0.7359375 0.19609375 0.284375 0.1421875
0 0.728125 0.53671875 0.0859375 0.2390625
0 0.60546875 0.66015625 0.15546875 0.38828125
0 0.58828125 0.68671875 0.2046875 0.45234375
0 0.5296875 0.4609375 0.11015625 0.17109375
0 0.56953125 0.4671875 0.0421875 0.12578125
0 0.509375 0.478125 0.06171875 0.14375
0 0.76015625 0.49296875 0.0609375 0.1828125