0 0.4015625 0.18046875 0.1296875 0.2328125
0 0.33828125 0.2375 0.2375 0.37265625
0 0.27578125 0.24921875 0.13203125 0.35
0 0.19296875 0.290625 0.24921875 0.434375
0 0.128125 0.32265625 0.175 0.3890625
0 0.28515625 0.0515625 0.0484375 0.09296875
0 0.0921875 0.07109375 0.06875 0.1421875
0 0.20390625 0.08984375 0.05859375 0.1515625
0 0.06875 0.10390625 0.1125 0.2078125
0 0.46953125 0.10703125 0.0171875 0.1515625
0 0.19453125 0.1109375 0.06953125 0.11953125
0 0.05390625 0.13515625 0.07890625 0.16875
0 0.5609375 0.21875 0.1625 0.36875
0 0.5875 0.2453125 0.14140625 0.334375
0 0.9078125 0.315625 0.1421875 0.37421875
0 0.40859375 0.91484375 0.1390625 0.1671875
0 0.85546875 0.7171875 0.06328125 0.1609375
0 0.9890625 0.72734375 0.01875 0.2078125
0 0.5 0.74296875 0.040625 0.1703125
0 0.55546875 0.7734375 0.06171875 0.175
0 0.62265625 0.81484375 0.10546875 0.27109375
0 0.7484375 0.86796875 0.121875 0.2609375