0 0.0703125 0.15703125 0.140625 0.3140625
0 0.40859375 0.03125 0.0953125 0.0625
0 0.88828125 0.38984375 0.0609375 0.0546875
0 0.8359375 0.39140625 0.059375 0.0515625
0 0.7984375 0.39765625 0.05625 0.0390625
0 0.75390625 0.40078125 0.0484375 0.0328125
0 0.3078125 0.76640625 0.059375 0.1078125
0 0.25625 0.7796875 0.05859375 0.12734375
0 0.21875 0.79296875 0.0546875 0.12734375
0 0.17421875 0.8015625 0.046875 0.1328125
0 0.1234375 0.83046875 0.071875 0.1453125
0 0.4484375 0.8328125 0.0859375 0.153125
0 0.0375 0.8546875 0.075 0.18125
0 0.40234375 0.86796875 0.0859375 0.1796875
0 0.34921875 0.91171875 0.1046875 0.1734375
0 0.8421875 0.48671875 0.0625 0.1359375
0 0.77265625 0.50859375 0.0640625 0.1796875
0 0.6890625 0.5234375 0.084375 0.209375
0 0.8828125 0.64609375 0.17265625 0.390625
0 0.9046875 0.44765625 0.04375 0.0578125