0 0.253125 0.24296875 0.0609375 0.1640625
0 0.1953125 0.26015625 0.059375 0.16015625
0 0.14921875 0.2828125 0.0609375 0.165625
0 0.10078125 0.30390625 0.0703125 0.165625
0 0.04609375 0.32734375 0.0921875 0.2515625
0 0.3984375 0.3296875 0.08203125 0.1875
0 0.3421875 0.36953125 0.0890625 0.17734375
0 0.290625 0.47109375 0.0984375 0.22578125
0 0.734375 0.15625 0.09140625 0.1828125
0 0.8125 0.1890625 0.09296875 0.19140625
0 0.865625 0.24296875 0.11953125 0.26640625
0 0.95390625 0.35703125 0.0890625 0.3671875
0 0.32265625 0.80703125 0.1578125 0.2140625
0 0.30625 0.83671875 0.20625 0.2734375
0 0.09453125 0.84921875 0.1890625 0.2984375
0 0.1 0.84921875 0.1625 0.2984375
0 0.7796875 0.76875 0.13125 0.1375
0 0.71640625 0.83203125 0.2390625 0.2640625
0 0.65390625 0.83203125 0.1328125 0.2640625
0 0.6078125 0.84921875 0.178125 0.2984375
0 0.55625 0.84921875 0.075 0.2984375