0 0.16171875 0.4171875 0.2765625 0.1
0 0.8984375 0.26953125 0.059375 0.1078125
0 0.846875 0.2828125 0.05859375 0.12734375
0 0.809375 0.29609375 0.0546875 0.12734375
0 0.76484375 0.3046875 0.046875 0.1328125
0 0.7140625 0.33359375 0.071875 0.1453125
0 0.60625 0.3578125 0.11796875 0.17890625
0 0.97421875 0.371875 0.0484375 0.18125
0 0.528125 0.38828125 0.09375 0.1578125
0 0.93984375 0.39765625 0.1046875 0.1390625
0 0.2421875 0.5890625 0.13125 0.240625
0 0.02265625 0.58125 0.0453125 0.225
0 0.32109375 0.61953125 0.2515625 0.3015625
0 0.02578125 0.603125 0.0515625 0.26875
0 0.3921875 0.625 0.14375 0.3125
0 0.934375 0.7484375 0.090625 0.19296875
0 0.63984375 0.77890625 0.06484375 0.2125
0 0.56171875 0.7828125 0.0953125 0.2234375
0 0.696875 0.84375 0.121875 0.309375
0 0.8484375 0.8875 0.1625 0.221875