0 0.1203125 0.2390625 0.12890625 0.27421875
0 0.19921875 0.228125 0.2515625 0.31875
0 0.2703125 0.25 0.14375 0.275
0 0.56796875 0.275 0.0984375 0.225
0 0.73125 0.19375 0.12890625 0.27421875
0 0.81015625 0.20546875 0.2515625 0.3640625
0 0.88125 0.22734375 0.14375 0.3203125
0 0.19375 0.8171875 0.09609375 0.22734375
0 0.29453125 0.84140625 0.1203125 0.3140625
0 0.4828125 0.86953125 0.18125 0.2578125
0 0.01328125 0.6734375 0.0265625 0.1625
0 0.10078125 0.70625 0.1203125 0.225
0 0.85 0.5859375 0.09140625 0.1828125
0 0.928125 0.61875 0.09296875 0.19140625
0 0.959375 0.67265625 0.078125 0.2671875