0 0.46875 0.36015625 0.059375 0.1078125
0 0.4171875 0.3734375 0.05859375 0.12734375
0 0.3796875 0.38671875 0.0546875 0.12734375
0 0.33515625 0.3953125 0.046875 0.1328125
0 0.28515625 0.41953125 0.0734375 0.1359375
0 0.1765625 0.42265625 0.11875 0.1296875
0 0.54921875 0.4296875 0.0578125 0.115625
0 0.0984375 0.44375 0.09375 0.0875
0 0.51015625 0.453125 0.1046875 0.06875
0 0.503125 0.45625 0.1125 0.0625
0 0.884375 0.28046875 0.1296875 0.2328125
0 0.82109375 0.31875 0.2390625 0.3375
0 0.75859375 0.33046875 0.1328125 0.3140625
0 0.690625 0.33046875 0.221875 0.3140625
0 0.6390625 0.3578125 0.11875 0.259375
0 0.76796875 0.1515625 0.0484375 0.09296875
0 0.59453125 0.165625 0.0296875 0.153125
0 0.68671875 0.18984375 0.05859375 0.1515625
0 0.59375 0.20234375 0.028125 0.2109375
0 0.6984375 0.20703125 0.06953125 0.11953125
0 0.96953125 0.20703125 0.05 0.15078125
0 0.128125 0.60859375 0.13125 0.2390625
0 0.20703125 0.6390625 0.2515625 0.3
0 0.278125 0.64453125 0.14375 0.3109375
0 0.55234375 0.7015625 0.0515625 0.375
0 0.98046875 0.61484375 0.0359375 0.1609375
0 0.6296875 0.625 0.09140625 0.1828125
0 0.7078125 0.6578125 0.09296875 0.19140625
0 0.7609375 0.71171875 0.11953125 0.26640625
0 0.88984375 0.8203125 0.1703125 0.35625