0 0.1625 0.17734375 0.2625 0.3546875
0 0.5328125 0.2140625 0.15 0.3875
0 0.26015625 0.68046875 0.05234375 0.0875
0 0.20703125 0.696875 0.05859375 0.103125
0 0.4171875 0.71328125 0.06328125 0.11484375
0 0.1578125 0.7140625 0.04453125 0.1296875
0 0.1140625 0.734375 0.0625 0.14140625
0 0.3828125 0.74375 0.053125 0.12890625
0 0.0421875 0.76015625 0.06484375 0.16171875
0 0.34375 0.790625 0.0578125 0.1359375
0 0.303125 0.840625 0.08125 0.1375
0 0.7734375 0.58203125 0.21796875 0.3421875
0 0.8796875 0.6921875 0.2375 0.565625