0 0.35 0.40859375 0.06171875 0.13984375
0 0.30234375 0.42890625 0.0515625 0.1328125
0 0.2515625 0.44453125 0.05234375 0.1375
0 0.20625 0.46328125 0.0578125 0.16484375
0 0.49453125 0.47421875 0.0671875 0.1734375
0 0.13984375 0.48984375 0.0828125 0.1546875
0 0.02734375 0.503125 0.0546875 0.128125
0 0.44375 0.5140625 0.0875 0.10625
0 0.39609375 0.53828125 0.1078125 0.0578125
0 0.81484375 0.12265625 0.05234375 0.0875
0 0.76171875 0.1390625 0.05859375 0.103125
0 0.96875 0.15546875 0.059375 0.1171875
0 0.7125 0.15625 0.04453125 0.1296875
0 0.66875 0.1765625 0.0625 0.14140625
0 0.9375 0.1859375 0.053125 0.12890625
0 0.596875 0.20234375 0.06484375 0.16171875
0 0.8984375 0.2328125 0.0578125 0.1359375
0 0.8578125 0.2828125 0.08125 0.1375
0 0.034375 0.88359375 0.06875 0.2109375
0 0.13515625 0.8875 0.1109375 0.221875
0 0.91953125 0.6390625 0.0828125 0.140625
0 0.5609375 0.65 0.0625 0.1625
0 0.6234375 0.671875 0.09296875 0.19140625
0 0.6765625 0.72578125 0.11953125 0.26640625
0 0.80546875 0.82734375 0.1703125 0.3421875