0 0.37109375 0.35 0.0609375 0.096875
0 0.31875 0.3515625 0.059375 0.09375
0 0.28125 0.3578125 0.05625 0.08125
0 0.23671875 0.3609375 0.0484375 0.075
0 0.18671875 0.37265625 0.0734375 0.0515625
0 0.5109375 0.371875 0.0875 0.053125
0 0.078125 0.37578125 0.11875 0.0453125
0 0.95 0.11484375 0.096875 0.2296875
0 0.89140625 0.178125 0.2140625 0.35625
0 0.84140625 0.18046875 0.13203125 0.35
0 0.78671875 0.2015625 0.1953125 0.39375
0 0.73515625 0.22890625 0.0921875 0.3390625
0 0.8515625 0.01484375 0.05 0.0296875
0 0.76953125 0.04921875 0.0609375 0.0984375
0 0.24609375 0.57421875 0.0953125 0.18671875
0 0.36171875 0.58671875 0.134375 0.32265625
0 0.78671875 0.76015625 0.1953125 0.3859375