0 0.21953125 0.071875 0.2046875 0.14375
0 0.109375 0.1515625 0.21875 0.303125
0 0.6921875 0.175 0.12890625 0.27421875
0 0.45703125 0.184375 0.0765625 0.225
0 0.77109375 0.1890625 0.25078125 0.36640625
0 0.46015625 0.19921875 0.0828125 0.2828125
0 0.8421875 0.21328125 0.14375 0.3296875
0 0.171875 0.8734375 0.13125 0.25
0 0.25078125 0.85703125 0.2515625 0.2828125
0 0.321875 0.87890625 0.14375 0.2390625
0 0.46328125 0.6359375 0.0890625 0.5125
0 0.61328125 0.40859375 0.1234375 0.0578125
0 0.75546875 0.51484375 0.1328125 0.2703125