0 0.321875 0.35234375 0.1296875 0.2328125
0 0.25859375 0.409375 0.2375 0.37265625
0 0.19609375 0.42109375 0.13203125 0.35
0 0.11953125 0.43125 0.2390625 0.371875
0 0.06796875 0.45859375 0.1359375 0.3171875
0 0.20546875 0.2234375 0.0484375 0.09296875
0 0.0234375 0.2375 0.046875 0.153125
0 0.12421875 0.26171875 0.05859375 0.1515625
0 0.02265625 0.27421875 0.0453125 0.2109375
0 0.40703125 0.27890625 0.05 0.15078125
0 0.11484375 0.2828125 0.06953125 0.11953125
0 0.834375 0.33984375 0.0859375 0.2390625
0 0.71171875 0.44296875 0.1578125 0.3484375
0 0.7140625 0.43984375 0.16875 0.3546875
0 0.6609375 0.2640625 0.0625 0.171875
0 0.67578125 0.2703125 0.0421875 0.12578125
0 0.63828125 0.28203125 0.0171875 0.1453125
0 0.86640625 0.29609375 0.0609375 0.1828125
0 0.390625 0.91953125 0.096875 0.1578125
0 0.49140625 0.91015625 0.1203125 0.1765625
0 0.1671875 0.8109375 0.1109375 0.16171875
0 0.29765625 0.84375 0.1203125 0.225
0 0.75625 0.8890625 0.253125 0.21875