0 0.1640625 0.40390625 0.328125 0.3265625
0 0.709375 0.27890625 0.059375 0.1078125
0 0.6578125 0.2921875 0.05859375 0.12734375
0 0.6203125 0.30546875 0.0546875 0.12734375
0 0.59453125 0.3140625 0.0109375 0.134375
0 0.85 0.3453125 0.0859375 0.153125
0 0.80390625 0.38046875 0.0859375 0.1796875
0 0.75078125 0.43359375 0.10390625 0.190625
0 0.56640625 0.790625 0.0421875 0.19375
0 0.29609375 0.82109375 0.06484375 0.2125
0 0.21796875 0.825 0.0953125 0.2234375
0 0.353125 0.86484375 0.121875 0.2671875
0 0.5046875 0.90859375 0.1625 0.1796875
0 0.91015625 0.8359375 0.071875 0.10234375
0 0.81015625 0.84765625 0.06484375 0.1875
0 0.86328125 0.853125 0.07109375 0.125
0 0.7703125 0.86953125 0.0640625 0.1578125
0 0.71953125 0.903125 0.0828125 0.190625
0 0.97109375 0.9171875 0.0546875 0.1125
0 0.63046875 0.91796875 0.0828125 0.1609375
0 0.940625 0.94609375 0.115625 0.1046875