0 0.3546875 0.35078125 0.07890625 0.146875
0 0.13046875 0.4078125 0.12109375 0.203125
0 0.49609375 0.4484375 0.0828125 0.259375
0 0.47578125 0.4453125 0.1234375 0.265625
0 0.3015625 0.45703125 0.196875 0.2421875
0 0.3109375 0.46796875 0.1625 0.2203125
0 0.29375 0.2953125 0.1859375 0.2125
0 0.4578125 0.3140625 0.11015625 0.17109375
0 0.2515625 0.3203125 0.08203125 0.1390625
0 0.49765625 0.3203125 0.0421875 0.12578125
0 0.4375 0.33125 0.06171875 0.14375
0 0.8734375 0.07265625 0.08125 0.1453125
0 0.64921875 0.128125 0.12109375 0.203125
0 0.965625 0.26015625 0.065625 0.4546875
0 0.8203125 0.30078125 0.19609375 0.4875
0 0.82890625 0.303125 0.1609375 0.4484375
0 0.8125 0.06171875 0.1875 0.1234375
0 0.959375 0.06015625 0.078125 0.1203125
0 0.7703125 0.05546875 0.084375 0.1109375
0 0.95625 0.0625 0.0625 0.125
0 0.01796875 0.7390625 0.0359375 0.228125
0 0.08828125 0.775 0.11875 0.3359375
0 0.2765625 0.83046875 0.18125 0.3359375
0 0.7234375 0.66171875 0.140625 0.1640625
0 0.8796875 0.7890625 0.2375 0.41875
0 0.64765625 0.60625 0.1046875 0.053125