0 0.1953125 0.29296875 0.0609375 0.1875
0 0.5171875 0.29765625 0.11171875 0.165625
0 0.12578125 0.32890625 0.06171875 0.2015625
0 0.0421875 0.3484375 0.08203125 0.2234375
0 0.41796875 0.3609375 0.2046875 0.2125
0 0.2359375 0.375 0.175 0.184375
0 0.3453125 0.23671875 0.05390625 0.06953125
0 0.2578125 0.26171875 0.04140625 0.09375
0 0.83671875 0.13828125 0.1140625 0.2765625
0 0.3109375 0.93828125 0.13125 0.1203125
0 0.0671875 0.95546875 0.09375 0.0859375
0 0.38984375 0.921875 0.2515625 0.153125
0 0.06015625 0.9484375 0.1203125 0.1
0 0.4609375 0.94375 0.14375 0.109375
0 0.80625 0.8953125 0.053125 0.109375
0 0.9421875 0.94140625 0.0875 0.1140625
0 0.896875 0.95234375 0.0875 0.0921875
0 0.84296875 0.97578125 0.1046875 0.0453125