0 0.034375 0.2203125 0.06875 0.24375
0 0.4859375 0.22734375 0.1296875 0.2328125
0 0.02890625 0.23359375 0.0578125 0.2265625
0 0.42265625 0.284375 0.2375 0.37265625
0 0.36015625 0.29609375 0.13203125 0.35
0 0.27734375 0.3375 0.24921875 0.434375
0 0.2125 0.4015625 0.175 0.453125
0 0.36953125 0.0984375 0.0484375 0.09296875
0 0.1765625 0.1125 0.0671875 0.1515625
0 0.28828125 0.13671875 0.05859375 0.1515625
0 0.15234375 0.14921875 0.1109375 0.20859375
0 0.57109375 0.15390625 0.05 0.15078125
0 0.27890625 0.1578125 0.06953125 0.11953125
0 0.13828125 0.18203125 0.07890625 0.16875
0 0.184375 0.93515625 0.13125 0.1265625
0 0.26328125 0.91875 0.2515625 0.159375
0 0.334375 0.940625 0.14375 0.115625
0 0.8390625 0.83125 0.228125 0.334375