0 0.0578125 0.334375 0.09609375 0.22734375
0 0.15859375 0.3703125 0.11875 0.3359375
0 0.3171875 0.42265625 0.121875 0.3296875
0 0.01328125 0.22421875 0.0265625 0.2265625
0 0.58125 0.18046875 0.059375 0.1078125
0 0.5296875 0.19375 0.05859375 0.12734375
0 0.4921875 0.20703125 0.0546875 0.12734375
0 0.44765625 0.215625 0.046875 0.1328125
0 0.9828125 0.24140625 0.03125 0.1703125
0 0.40703125 0.2453125 0.0546875 0.146875
0 0.721875 0.246875 0.0859375 0.153125
0 0.67578125 0.28203125 0.0859375 0.1796875
0 0.62265625 0.33515625 0.10390625 0.190625
0 0.08984375 0.88359375 0.1796875 0.2296875
0 0.88203125 0.95078125 0.0828125 0.0953125
0 0.5078125 0.95 0.09375 0.096875
0 0.5859375 0.9640625 0.09375 0.06875