0 0.0890625 0.2703125 0.109375 0.24140625
0 0.07265625 0.2828125 0.1203125 0.225
0 0.384375 0.3390625 0.028125 0.3375
0 0.31328125 0.3390625 0.1703125 0.3375
0 0.2890625 0.36640625 0.175 0.2828125
0 0.253125 0.1625 0.0671875 0.1515625
0 0.36484375 0.18671875 0.05859375 0.1515625
0 0.22890625 0.19921875 0.1109375 0.20859375
0 0.35546875 0.2078125 0.06953125 0.11953125
0 0.21484375 0.23203125 0.07890625 0.16875
0 0.884375 0.3421875 0.228125 0.33125
0 0.2953125 0.546875 0.0875 0.075
0 0.17265625 0.6453125 0.1578125 0.271875
0 0.15625 0.675 0.20625 0.33125
0 0.55 0.61484375 0.07890625 0.146875
0 0.8515625 0.65390625 0.0859375 0.2390625
0 0.72890625 0.77734375 0.15546875 0.38828125
0 0.7125 0.7875 0.20625 0.421875
0 0.49765625 0.79921875 0.1953125 0.3984375
0 0.50625 0.81015625 0.1625 0.3765625
0 0.696875 0.56328125 0.04375 0.1078125
0 0.49140625 0.58828125 0.1828125 0.1578125
0 0.6734375 0.5734375 0.10625 0.128125
0 0.5015625 0.59375 0.196875 0.16875
0 0.653125 0.58671875 0.1125 0.1546875
0 0.446875 0.584375 0.08203125 0.1390625
0 0.6328125 0.5953125 0.06171875 0.14375
0 0.88359375 0.61015625 0.0609375 0.1828125