0 0.15234375 0.14609375 0.0953125 0.18671875
0 0.26796875 0.16015625 0.1359375 0.3203125
0 0.91328125 0.13671875 0.1703125 0.2578125
0 0.66171875 0.315625 0.0453125 0.3125
0 0.084375 0.76640625 0.07890625 0.146875
0 0.3859375 0.80546875 0.0859375 0.2390625
0 0.26328125 0.86640625 0.1578125 0.2640625
0 0.246875 0.86328125 0.20625 0.2703125
0 0.06484375 0.875 0.1296875 0.246875
0 0.0609375 0.8859375 0.121875 0.225
0 0.05859375 0.71171875 0.1171875 0.2140625
0 0.1875 0.7296875 0.11015625 0.17109375
0 0.01171875 0.7359375 0.0234375 0.140625
0 0.22734375 0.7359375 0.0421875 0.12578125
0 0.1671875 0.746875 0.06171875 0.14375
0 0.41796875 0.76171875 0.0609375 0.1828125
0 0.8828125 0.63125 0.096875 0.103125
0 0.9609375 0.6765625 0.075 0.19375