0 0.0671875 0.14765625 0.134375 0.2953125
0 0.37578125 0.1796875 0.2796875 0.359375
0 0.7640625 0.21953125 0.09296875 0.1515625
0 0.92421875 0.2515625 0.0875 0.24140625
0 0.9875 0.271875 0.021875 0.21875
0 0.571875 0.33203125 0.04375 0.2671875
0 0.6671875 0.4015625 0.159375 0.271875
0 0.28515625 0.559375 0.0671875 0.040625
0 0.21328125 0.58671875 0.0734375 0.0953125
0 0.13046875 0.6109375 0.0890625 0.14375
0 0.52578125 0.60546875 0.0453125 0.1328125
0 0.446875 0.6375 0.1 0.196875
0 0.33125 0.72578125 0.1625 0.3734375
0 0.975 0.909375 0.046875 0.128125
0 0.94375 0.92265625 0.0546875 0.12734375
0 0.89921875 0.93125 0.046875 0.1328125
0 0.84921875 0.94296875 0.0734375 0.1109375
0 0.740625 0.94609375 0.11875 0.1046875
0 0.6625 0.9671875 0.09375 0.0625