0 0.06484375 0.271875 0.1109375 0.23125
0 0.51953125 0.278125 0.0953125 0.21875
0 0.4609375 0.27109375 0.2125 0.2328125
0 0.41171875 0.2828125 0.1328125 0.209375
0 0.32890625 0.2828125 0.2515625 0.209375
0 0.2640625 0.31015625 0.175 0.1546875
0 0.42109375 0.15625 0.0484375 0.09296875
0 0.228125 0.1703125 0.0671875 0.1515625
0 0.33984375 0.19453125 0.05859375 0.1515625
0 0.20390625 0.20703125 0.1109375 0.20859375
0 0.18984375 0.23984375 0.07890625 0.16875
0 0.371875 0.63203125 0.1296875 0.2328125
0 0.30859375 0.6890625 0.2375 0.37265625
0 0.24609375 0.70078125 0.13203125 0.35
0 0.16328125 0.7421875 0.24921875 0.434375
0 0.0984375 0.7890625 0.175 0.41875
0 0.25546875 0.503125 0.0484375 0.09296875
0 0.0625 0.5171875 0.0671875 0.1515625
0 0.17421875 0.54140625 0.05859375 0.1515625
0 0.04765625 0.55390625 0.0953125 0.2109375
0 0.45703125 0.55859375 0.05 0.15078125
0 0.16484375 0.5625 0.06953125 0.11953125
0 0.03203125 0.58671875 0.0640625 0.1703125
0 0.8125 0.64609375 0.234375 0.49140625
0 0.69609375 0.421875 0.1296875 0.065625