0 0.10859375 0.221875 0.2171875 0.44375
0 0.9234375 0.0671875 0.15 0.134375
0 0.80859375 0.0984375 0.1578125 0.196875
0 0.6875 0.12890625 0.15625 0.2578125
0 0.2078125 0.89765625 0.13125 0.2015625
0 0.28671875 0.88125 0.2515625 0.234375
0 0.3578125 0.903125 0.14375 0.190625
0 0.7375 0.69296875 0.059375 0.1078125
0 0.6859375 0.70625 0.05859375 0.12734375
0 0.6484375 0.71953125 0.0546875 0.12734375
0 0.61875 0.728125 0.01875 0.134375
0 0.878125 0.759375 0.0859375 0.153125
0 0.83203125 0.79453125 0.0859375 0.1796875
0 0.77890625 0.84765625 0.10390625 0.190625