0 0.6558515625 0.467875 0.08589843750000001 0.14129166666666668
0 0.5487265625 0.49306944444444445 0.069859375 0.11630555555555555
0 0.14678125 0.4349166666666667 0.065078125 0.09919444444444445
0 0.0974609375 0.4249861111111111 0.060187500000000005 0.08727777777777779
0 0.23159375 0.40097222222222223 0.047195312499999996 0.09084722222222222
0 0.3066875 0.4756111111111111 0.07908593750000001 0.1289861111111111
0 0.40265625 0.4244027777777778 0.0567421875 0.098
0 0.4588984375 0.40654166666666663 0.062078125 0.10195833333333333
0 0.3407265625 0.38886111111111116 0.055640625 0.07059722222222221
0 0.7685546875 0.451 0.0675546875 0.1115138888888889
0 0.731734375 0.39084722222222223 0.060875 0.0825
0 0.817546875 0.3948333333333333 0.060625 0.12219444444444445
0 0.8448828125000001 0.36465277777777777 0.0684296875 0.1094722222222222
0 0.7754765625 0.3596944444444445 0.059078125 0.10351388888888889
0 0.58465625 0.37973611111111116 0.065828125 0.10790277777777778
0 0.52540625 0.40395833333333336 0.061164062500000005 0.08488888888888889
0 0.4417109375 0.367625 0.0589609375 0.07176388888888889
0 0.397640625 0.3739861111111111 0.0489296875 0.08447222222222223