0 0.61278125 0.4742222222222222 0.0863515625 0.18575000000000003
0 0.722140625 0.41429166666666667 0.07292968749999999 0.16904166666666665
0 0.090765625 0.41686111111111107 0.0646484375 0.12261111111111112
0 0.1925390625 0.38788888888888884 0.05390625 0.13608333333333333
0 0.0213828125 0.6723055555555556 0.0427578125 0.27240277777777777
0 0.3421796875 0.4079305555555555 0.0652421875 0.14045833333333332
0 0.4534296875 0.4107083333333333 0.05337499999999999 0.13808333333333334
0 0.3729765625 0.3372638888888889 0.028625 0.0785
0 0.4610234375 0.34123611111111113 0.041765625 0.07056944444444445
0 0.537125 0.3547361111111111 0.0377265625 0.08168055555555556
0 0.596828125 0.32416666666666666 0.034359375 0.06023611111111111
0 0.6531796875 0.32256944444444446 0.028765625 0.057055555555555554
0 0.7587421875 0.33309722222222227 0.0389921875 0.074125
0 0.789203125 0.3152361111111111 0.0351875 0.07808333333333334
0 0.8077265625000001 0.2977638888888889 0.0320625 0.07490277777777778
0 0.8939843749999999 0.3678333333333333 0.0773359375 0.13170833333333334
0 0.9505625 0.3335 0.058796875000000005 0.114625