0 0.6965859375 0.24618055555555557 0.068703125 0.13677777777777778
0 0.2931875 0.2479722222222222 0.0811015625 0.16180555555555556
0 0.12134375 0.2513472222222222 0.0766953125 0.16458333333333333
0 0.1584921875 0.5083749999999999 0.13984375 0.25404166666666667
0 0.9229921875 0.423625 0.1532109375 0.28694444444444445
0 0.400203125 0.22155555555555556 0.047367187500000005 0.09708333333333334
0 0.34452343750000003 0.15805555555555556 0.0498359375 0.12880555555555556
0 0.07179687500000001 0.2058888888888889 0.0579609375 0.1093888888888889
0 0.026734374999999998 0.2670138888888889 0.053468749999999995 0.12052777777777778
0 0.6075390625 0.14733333333333334 0.055781250000000004 0.13118055555555555
0 0.6975859375 0.16320833333333334 0.059546875 0.13119444444444445
0 0.8054921875 0.23327777777777778 0.0633046875 0.1244861111111111
0 0.948890625 0.2420138888888889 0.062140625000000005 0.15783333333333333
0 0.9697578124999999 0.16599999999999998 0.0525390625 0.14469444444444446