0 0.3359296875 0.29044444444444445 0.0795234375 0.15944444444444444
0 0.17646875 0.3456111111111111 0.0753359375 0.166625
0 0.23382031250000002 0.5464722222222222 0.096296875 0.2350138888888889
0 0.052046875000000006 0.2699861111111111 0.038554687500000004 0.08283333333333333
0 0.0833984375 0.31602777777777774 0.06331250000000001 0.09555555555555555
0 0.119828125 0.25887499999999997 0.045890625000000004 0.10822222222222222
0 0.3893828125 0.21659722222222222 0.054734375 0.1228888888888889
0 0.4525390625 0.28111111111111114 0.087296875 0.13681944444444444
0 0.6423515625 0.19218055555555555 0.0361328125 0.10183333333333332
0 0.713546875 0.23744444444444446 0.057976562499999995 0.12884722222222222
0 0.849796875 0.31245833333333334 0.06932031250000001 0.11222222222222222
0 0.747578125 0.1802777777777778 0.052390625 0.1097638888888889
0 0.7600781249999999 0.32080555555555557 0.068453125 0.16859722222222223
0 0.9520078125 0.44069444444444444 0.08625000000000001 0.2655138888888889
0 0.9665234375 0.2019027777777778 0.039375 0.06969444444444445