0 0.045921875 0.2783472222222222 0.0918515625 0.2503472222222222
0 0.28459375 0.3716111111111111 0.101859375 0.19084722222222222
0 0.216640625 0.20311111111111113 0.05746875 0.15940277777777778
0 0.3598046875 0.1987361111111111 0.0781796875 0.14272222222222222
0 0.8687578125 0.19161111111111112 0.12064062499999999 0.20781944444444445
0 0.75159375 0.1872361111111111 0.060421875 0.14351388888888889
0 0.7043984375 0.12372222222222222 0.05307031250000001 0.11172222222222222
0 0.6319765625 0.08779166666666667 0.044390625 0.10733333333333334
0 0.44360937500000003 0.1687638888888889 0.05159375000000001 0.11055555555555555
0 0.37174999999999997 0.10922222222222222 0.0507265625 0.08670833333333333
0 0.09634374999999999 0.18008333333333332 0.0356328125 0.11333333333333333
0 0.12725781249999998 0.15745833333333334 0.0416484375 0.12365277777777778
0 0.046578125 0.1784861111111111 0.047703125 0.09427777777777777
0 0.96775 0.135625 0.0440625 0.10379166666666667
0 0.8192187499999999 0.16241666666666665 0.0483515625 0.11372222222222221
0 0.715890625 0.08520833333333333 0.05150781250000001 0.1061388888888889