0 0.2615 0.42083333333333334 0.0712890625 0.13054166666666667
0 0.10482812500000001 0.36763888888888885 0.0615234375 0.11940277777777777
0 0.23214843749999997 0.30968055555555557 0.028226562500000003 0.09872222222222223
0 0.20525781250000003 0.29141666666666666 0.0302421875 0.07806944444444444
0 0.271875 0.2878472222222222 0.045179687499999996 0.07886111111111112
0 0.3547890625 0.34918055555555555 0.0614453125 0.11819444444444444
0 0.46637500000000004 0.34600000000000003 0.052476562500000004 0.11184722222222222
0 0.42598437499999997 0.27554166666666663 0.038656249999999996 0.09394444444444444
0 0.48065625 0.2582777777777778 0.0453359375 0.08718055555555557
0 0.718125 0.2560972222222222 0.0381171875 0.09472222222222222
0 0.7636484375 0.26919444444444446 0.0666640625 0.09711111111111112
0 0.8158749999999999 0.2541111111111111 0.046117187500000004 0.09869444444444445
0 0.8698828125 0.2888472222222222 0.055921874999999996 0.1245138888888889
0 0.964484375 0.31445833333333334 0.0710234375 0.15588888888888888