0 0.3527734375 0.5911388888888889 0.09759375 0.24100000000000002
0 0.1936484375 0.47144444444444444 0.078453125 0.20401388888888888
0 0.0596328125 0.3285416666666667 0.0537265625 0.12454166666666668
0 0.223109375 0.3624861111111111 0.057023437499999996 0.1328888888888889
0 0.16017187500000002 0.3803333333333333 0.04721875 0.09718055555555555
0 0.36036718749999996 0.33766666666666667 0.05028125 0.1031111111111111
0 0.4432734375 0.32933333333333337 0.0486953125 0.094375
0 0.5421484375000001 0.37477777777777777 0.036609375 0.11781944444444445
0 0.5717187499999999 0.36188888888888887 0.048875 0.1277361111111111
0 0.6239375 0.33666666666666667 0.03725 0.08922222222222222
0 0.6790625 0.32852777777777775 0.0448203125 0.06102777777777778
0 0.7274921875 0.3408472222222222 0.0479296875 0.10945833333333334
0 0.8135312499999999 0.3461944444444444 0.0436640625 0.0765138888888889
0 0.6753828125 0.44762500000000005 0.06646875 0.1246111111111111
0 0.8006953125 0.44325 0.060406249999999995 0.10793055555555554
0 0.8849453125 0.4738333333333334 0.0882734375 0.1770138888888889
0 0.8801484374999999 0.36545833333333333 0.05859375 0.11106944444444444
0 0.9071562500000001 0.3630694444444445 0.054570312499999996 0.09041666666666666
0 0.3464140625 0.44305555555555554 0.0692578125 0.14326388888888889