0 0.3307890625 0.2223611111111111 0.0826484375 0.17806944444444445
0 0.1766875 0.23229166666666667 0.08024218749999999 0.1740972222222222
0 0.2046953125 0.47304166666666664 0.11170312499999999 0.19130555555555556
0 0.0974609375 0.2048888888888889 0.0512578125 0.0954861111111111
0 0.058851562499999996 0.26622222222222225 0.0499296875 0.11894444444444445
0 0.0191484375 0.22215277777777775 0.038296875 0.10225000000000001
0 0.42888281250000004 0.2324861111111111 0.057843750000000006 0.1228888888888889
0 0.365609375 0.15090277777777777 0.0451484375 0.11451388888888889
0 0.6245 0.1318611111111111 0.0539921875 0.12402777777777778
0 0.9421875 0.3444305555555556 0.1023203125 0.23569444444444443
0 0.7628671875 0.2773333333333333 0.07179687500000001 0.15705555555555556
0 0.7025 0.19854166666666664 0.0604375 0.13041666666666668
0 0.820890625 0.22969444444444445 0.0628515625 0.1252777777777778
0 0.735640625 0.154875 0.0530625 0.12245833333333334