0 0.76509375 0.21740277777777778 0.11196874999999999 0.1879861111111111
0 0.193203125 0.37519444444444444 0.1132734375 0.22181944444444446
0 0.12134375 0.22394444444444445 0.0766953125 0.1494861111111111
0 0.270421875 0.1925972222222222 0.0712890625 0.17408333333333334
0 0.295421875 0.13145833333333334 0.0409296875 0.09941666666666667
0 0.3628203125 0.1927777777777778 0.05965625 0.0911111111111111
0 0.5446015625 0.11994444444444444 0.045984375 0.10020833333333334
0 0.6193671875 0.13820833333333335 0.0481875 0.1208611111111111
0 0.6579765625 0.19954166666666664 0.06736718750000001 0.16019444444444444
0 0.04815625 0.19 0.0552578125 0.11572222222222221
0 0.907375 0.21223611111111113 0.059476562499999996 0.15384722222222222
0 0.8770234374999999 0.1235138888888889 0.0344921875 0.08354166666666667
0 0.9369453125 0.13780555555555554 0.053890625000000004 0.112125
0 0.9256796875 0.10962500000000001 0.0425078125 0.09543055555555555
0 0.0097734375 0.1790972222222222 0.0195546875 0.16295833333333334