0 0.1463359375 0.25233333333333335 0.0731171875 0.17847222222222223
0 0.3275546875 0.24975 0.0784140625 0.16140277777777776
0 0.22790625000000003 0.23129166666666667 0.059921875 0.1284583333333333
0 0.08351562500000001 0.22691666666666666 0.043453124999999995 0.08002777777777778
0 0.38503125 0.20131944444444444 0.034875 0.12804166666666666
0 0.4279921875 0.18345833333333333 0.0382109375 0.10023611111111111
0 0.561453125 0.186625 0.0461953125 0.09072222222222222
0 0.6328671875 0.26045833333333335 0.0551015625 0.11140277777777777
0 0.7441171875 0.3565277777777778 0.06109375 0.14480555555555558
0 0.920984375 0.33172222222222225 0.0911640625 0.16265277777777779
0 0.802375 0.27475 0.0481328125 0.10823611111111112
0 0.7093046875 0.227125 0.05396093749999999 0.10820833333333332
0 0.8506875 0.2279027777777778 0.035390624999999995 0.07804166666666666
0 0.9119531249999999 0.2308888888888889 0.0396171875 0.08795833333333333
0 0.037984375 0.21818055555555557 0.0416796875 0.09430555555555556
0 0.6368828125 0.18425 0.04528125 0.08595833333333333