0 0.74846875 0.4047638888888889 0.11666406250000001 0.197625
0 0.9504453125 0.351375 0.09651562500000001 0.17416666666666666
0 0.8434375 0.3543472222222222 0.058828124999999995 0.13645833333333332
0 0.6565234375 0.3595 0.057773437500000004 0.10709722222222222
0 0.145890625 0.4244027777777778 0.063296875 0.12975
0 0.3070234375 0.40515277777777775 0.0641328125 0.1428472222222222
0 0.26160937500000003 0.36525 0.0514296875 0.1146388888888889
0 0.3778828125 0.3523472222222222 0.047375 0.09279166666666668
0 0.4494140625 0.32258333333333333 0.04534375 0.10469444444444444
0 0.4822265625 0.2767361111111111 0.0350625 0.08838888888888889
0 0.39361718749999997 0.28506944444444443 0.0408984375 0.08125
0 0.33715625 0.31425 0.0485 0.11183333333333333
0 0.1258046875 0.32813888888888887 0.040984375 0.09993055555555556
0 0.18428125 0.3047222222222222 0.041859375 0.0927638888888889
0 0.72459375 0.27434722222222224 0.0287421875 0.0995
0 0.629078125 0.2787222222222222 0.034125 0.08441666666666667
0 0.6747109375 0.2997638888888889 0.042812499999999996 0.10269444444444444