0 0.047265625 0.3182361111111111 0.09453125 0.23091666666666666
0 0.2707578125 0.38829166666666665 0.092046875 0.20833333333333334
0 0.1981171875 0.220375 0.078453125 0.16615277777777776
0 0.35266406250000004 0.21522222222222223 0.0638984375 0.1478888888888889
0 0.362484375 0.14018055555555556 0.047828125 0.08513888888888889
0 0.42252343750000004 0.18861111111111112 0.0562890625 0.102625
0 0.0783828125 0.2029027777777778 0.046578125 0.11533333333333334
0 0.11253125 0.19933333333333333 0.0389765625 0.10025
0 0.6189218750000001 0.09990277777777778 0.047296875 0.11170833333333334
0 0.6917890625 0.16459722222222223 0.0479453125 0.12205555555555556
0 0.731734375 0.2189861111111111 0.06980468749999999 0.12765277777777778
0 0.9057031249999999 0.3363055555555555 0.07175781249999999 0.25513888888888886
0 0.8093984375 0.186625 0.0554921875 0.10659722222222222
0 0.6993750000000001 0.11120833333333333 0.045265625 0.08273611111111111
0 0.92378125 0.18326388888888887 0.067734375 0.13556944444444444
0 0.9537968749999999 0.13581944444444446 0.045179687499999996 0.08433333333333333