0 0.284703125 0.4539861111111111 0.10878125000000001 0.2484583333333333
0 0.0334296875 0.4079444444444445 0.066859375 0.2833611111111111
0 0.2252265625 0.22831944444444444 0.0902734375 0.1502777777777778
0 0.39339843750000003 0.2574861111111111 0.0716953125 0.1491111111111111
0 0.424640625 0.15944444444444444 0.044906249999999995 0.10380555555555555
0 0.48278125000000005 0.20211111111111113 0.0518046875 0.11375
0 0.1255859375 0.25966666666666666 0.0360703125 0.09393055555555554
0 0.1619609375 0.20031944444444444 0.0507890625 0.1141388888888889
0 0.0880859375 0.22175 0.0414375 0.07763888888888888
0 0.6912265625 0.11855555555555555 0.057984375 0.10933333333333334
0 0.77871875 0.1265 0.0454609375 0.10933333333333334
0 0.753046875 0.2565 0.070015625 0.11933333333333333
0 0.8225703125000001 0.25094444444444447 0.0684296875 0.18761111111111112
0 0.8984453125 0.2586805555555556 0.059484375 0.15943055555555558
0 0.9901562500000001 0.36768055555555557 0.0196875 0.40519444444444447