0 0.04190625 0.38748611111111114 0.08382031250000001 0.15911111111111112
0 0.1666484375 0.33191666666666664 0.055695312500000003 0.12731944444444446
0 0.29307812499999997 0.3239722222222222 0.0473984375 0.12731944444444446
0 0.25480468749999996 0.26979166666666665 0.040046874999999996 0.08640277777777777
0 0.318078125 0.23802777777777778 0.034898437500000004 0.10226388888888888
0 0.37174999999999997 0.26641666666666663 0.041796875 0.0995
0 0.4146015625 0.26125 0.029281249999999998 0.09711111111111112
0 0.0887578125 0.25113888888888886 0.0383125 0.10465277777777778
0 0.01959375 0.26184722222222223 0.0391875 0.11815277777777777
0 0.7022734374999999 0.11122222222222222 0.118015625 0.2224583333333333
0 0.7590703125 0.3287361111111111 0.059750000000000004 0.10508333333333333
0 0.8579453125000001 0.2560972222222222 0.0476640625 0.09472222222222222
0 0.9516562499999999 0.15170833333333333 0.09669531249999999 0.2113611111111111
0 0.5560937499999999 0.26363888888888887 0.0354921875 0.11775000000000001