0 0.8919765625 0.46052777777777776 0.0867109375 0.17820833333333333
0 0.3592421875 0.5794166666666667 0.1239296875 0.22947222222222222
0 0.664546875 0.6582222222222223 0.163109375 0.24023611111111112
0 0.198671875 0.4734305555555556 0.10411718750000001 0.16829166666666667
0 0.3573515625 0.4126944444444444 0.059875 0.13411111111111113
0 0.06778125 0.3279444444444444 0.0499296875 0.1035
0 0.22255468750000001 0.36268055555555556 0.0581328125 0.11344444444444446
0 0.16296875 0.37319444444444444 0.041640625 0.08288888888888889
0 0.375765625 0.33111111111111113 0.0408984375 0.09397222222222222
0 0.44595312500000006 0.31563888888888886 0.0451171875 0.08681944444444444
0 0.51525 0.34381944444444446 0.0475546875 0.15113888888888888
0 0.58109375 0.34600000000000003 0.049765625 0.11184722222222222
0 0.6335390624999999 0.3229722222222222 0.0430546875 0.08166666666666667
0 0.68509375 0.3203888888888889 0.05240625 0.06459722222222222
0 0.7382109375 0.33131944444444444 0.051500000000000004 0.09040277777777778
0 0.8169921875 0.32952777777777775 0.0438828125 0.09080555555555556
0 0.6841953125 0.43472222222222223 0.0684765625 0.13452777777777777
0 0.8069453125000001 0.4388888888888889 0.055046874999999995 0.09126388888888888
0 0.8894140625 0.3501666666666667 0.061492187499999997 0.10033333333333333