0 0.8024765625000001 0.2497638888888889 0.10860937500000001 0.20904166666666665
0 0.6796249999999999 0.21640277777777778 0.070484375 0.14233333333333334
0 0.9194296874999999 0.23843055555555553 0.056796875000000004 0.14275
0 0.2120625 0.44881944444444444 0.0862578125 0.21431944444444445
0 0.14745312500000002 0.2549166666666667 0.0798046875 0.16379166666666667
0 0.2775625 0.2443888888888889 0.0855703125 0.16259722222222223
0 0.3195234375 0.1669861111111111 0.053421874999999994 0.09506944444444444
0 0.3730859375 0.2150138888888889 0.0801796875 0.11970833333333333
0 0.5565390625 0.15686111111111112 0.0453046875 0.11848611111111111
0 0.6337578125000001 0.18941666666666665 0.05689062499999999 0.13597222222222222
0 0.95603125 0.18465277777777775 0.0585703125 0.14231944444444444
0 0.8786953125 0.1701527777777778 0.049 0.10143055555555555
0 0.652953125 0.1265 0.0506328125 0.10933333333333334
0 0.044679687499999995 0.1953611111111111 0.06399218749999999 0.10818055555555556
0 0.0182578125 0.27079166666666665 0.0365078125 0.14793055555555557
0 0.945875 0.11616666666666667 0.0449609375 0.07281944444444445