0 0.0733515625 0.5820138888888889 0.13696875 0.27830555555555553
0 0.1242421875 0.37180555555555556 0.0601796875 0.12377777777777778
0 0.22534375 0.3495833333333333 0.061484375 0.12693055555555555
0 0.375875 0.3755833333333334 0.065671875 0.15116666666666667
0 0.47418750000000004 0.3660555555555556 0.0636328125 0.11622222222222223
0 0.3980859375 0.2987638888888889 0.0408984375 0.07291666666666667
0 0.547953125 0.31583333333333335 0.030359375 0.06737499999999999
0 0.5226171875000001 0.2910138888888889 0.022109375 0.05345833333333334
0 0.35903125 0.3035277777777778 0.0386796875 0.08244444444444445
0 0.6113359375 0.297375 0.032125 0.06616666666666667
0 0.6682421875 0.30570833333333336 0.043265625 0.059027777777777776
0 0.7150000000000001 0.304125 0.0318671875 0.07173611111111111
0 0.6715859375 0.454375 0.07227343750000001 0.17780555555555558
0 0.77503125 0.3968194444444444 0.0849609375 0.1817361111111111
0 0.9328203125 0.3565277777777778 0.0746484375 0.12891666666666665
0 0.834625 0.2886388888888889 0.0300390625 0.08045833333333333
0 0.7967890625 0.3001527777777778 0.0503671875 0.07966666666666666
0 0.980671875 0.3202083333333334 0.038656249999999996 0.11580555555555555