0 0.6389921875 0.5109583333333333 0.1678046875 0.287
0 0.1093984375 0.4867361111111111 0.0773671875 0.2464861111111111
0 0.22657031249999998 0.40991666666666665 0.07509375 0.16825
0 0.35367187499999997 0.38569444444444445 0.0458203125 0.111875
0 0.2864921875 0.33905555555555555 0.0587890625 0.1098611111111111
0 0.366171875 0.33111111111111113 0.052960937500000006 0.1098611111111111
0 0.03965625 0.33884722222222224 0.0472578125 0.08168055555555556
0 0.060078125 0.4116944444444445 0.0546171875 0.1360972222222222
0 0.5579921875 0.3039305555555556 0.054906250000000004 0.10705555555555556
0 0.597828125 0.33031944444444444 0.051992187499999995 0.12413888888888888
0 0.6833046875 0.3380694444444444 0.057765625 0.1277222222222222
0 0.619921875 0.28844444444444445 0.0470703125 0.08402777777777778
0 0.8139765625000001 0.3753888888888888 0.0624140625 0.1547361111111111
0 0.851359375 0.30194444444444446 0.0411953125 0.09515277777777778
0 0.9367265625 0.31206944444444445 0.057906250000000006 0.11937500000000001