0 0.096453125 0.6320277777777777 0.14075 0.2989722222222222
0 0.43724999999999997 0.5976805555555555 0.10359375 0.2660138888888889
0 0.32220312500000003 0.4440555555555556 0.067703125 0.17302777777777778
0 0.2681953125 0.37795833333333334 0.040046874999999996 0.12416666666666668
0 0.14421875 0.41308333333333336 0.05771875 0.12697222222222224
0 0.0470234375 0.43333333333333335 0.09323437500000001 0.1754027777777778
0 0.2248984375 0.3612777777777778 0.042734375000000005 0.09081944444444444
0 0.48791406249999997 0.37556944444444446 0.03975 0.10352777777777779
0 0.57271875 0.36386111111111114 0.0486484375 0.1078888888888889
0 0.7009375 0.4244027777777778 0.07963281250000001 0.12975
0 0.8386328125 0.4103055555555556 0.07378124999999999 0.14522222222222222
0 0.7368671875 0.319 0.03096875 0.07372222222222222
0 0.82390625 0.33190277777777777 0.0532578125 0.09556944444444444
0 0.9246718749999999 0.3575138888888889 0.051664062499999996 0.11105555555555555
0 0.8924296875 0.31444444444444447 0.0251171875 0.060625
0 0.11676562500000001 0.3841111111111111 0.0429921875 0.10869444444444445
0 0.987921875 0.32416666666666666 0.0241484375 0.06023611111111111