0 0.060578723404255325 0.5572542372881355 0.12116595744680851 0.2492542372881356
0 0.12331914893617021 0.46547457627118644 0.08417021276595746 0.17164406779661015
0 0.19725106382978724 0.4173728813559322 0.0639404255319149 0.13898305084745763
0 0.23915744680851064 0.4190677966101695 0.058391489361702124 0.10845762711864407
0 0.2594723404255319 0.42627118644067796 0.05859574468085106 0.0974406779661017
0 0.2678808510638298 0.41015254237288135 0.03497872340425532 0.06522033898305084
0 0.30446808510638296 0.41291525423728814 0.0485872340425532 0.08344067796610169
0 0.5010297872340426 0.5934745762711864 0.10127659574468086 0.15645762711864408
0 0.4745446808510639 0.514 0.07597446808510638 0.12886440677966102
0 0.4553957446808511 0.4900508474576271 0.054706382978723406 0.0851864406779661
0 0.4404 0.45720338983050846 0.05237446808510638 0.08305084745762711
0 0.42625531914893616 0.4332542372881356 0.051736170212765956 0.07328813559322034
0 0.5053872340425533 0.4427966101694915 0.0483063829787234 0.08813559322033898
0 0.5342127659574468 0.4366440677966102 0.04851063829787234 0.0800677966101695
0 0.5560170212765958 0.46016949152542375 0.047438297872340426 0.08050847457627118
0 0.5909106382978724 0.480728813559322 0.04913191489361702 0.10044067796610169
0 0.6350468085106382 0.5097627118644068 0.06294468085106382 0.1203728813559322
0 0.6785531914893617 0.5375254237288135 0.07122553191489361 0.12930508474576272
0 0.7860851063829787 0.6314067796610169 0.0756595744680851 0.11791525423728813
0 0.9576425531914894 0.6534576271186441 0.08472340425531914 0.1450508474576271
0 0.866927659574468 0.5434576271186441 0.06712340425531915 0.12422033898305086
0 0.816195744680851 0.5178135593220339 0.052885106382978726 0.07715254237288136
0 0.7791744680851064 0.5167457627118645 0.03843404255319149 0.07927118644067797
0 0.7280170212765957 0.4997966101694915 0.0573872340425532 0.07925423728813559
0 0.7021702127659574 0.4841186440677966 0.03760851063829787 0.07332203389830508
0 0.677063829787234 0.4620677966101695 0.03846808510638298 0.06313559322033899
0 0.10098723404255319 0.3783728813559322 0.04376170212765958 0.07791525423728814
0 0.04770212765957447 0.3838813559322034 0.04994042553191489 0.08045762711864407
0 0.017617021276595743 0.37159322033898307 0.035234042553191486 0.09825423728813559
0 0.13938723404255318 0.38345762711864406 0.03331914893617021 0.07113559322033898
0 0.16640000000000002 0.3743389830508475 0.04054468085106383 0.0656271186440678
0 0.3665872340425532 0.41523728813559324 0.03665531914893617 0.05844067796610169