0 0.07181818181818182 0.5316582914572864 0.11738317757009345 0.18306532663316583
0 0.17843670348343246 0.46986599664991624 0.07572642310960068 0.1390452261306533
0 0.2845114698385727 0.4275544388609715 0.07760407816482583 0.12981574539363483
0 0.3545879354290569 0.6145896147403686 0.13279524214103655 0.21495812395309885
0 0.442625318606627 0.48807370184254606 0.06884451996601529 0.12943048576214405
0 0.488606627017842 0.45226130653266333 0.04823279524214104 0.10385259631490787
0 0.518232795242141 0.40639865996649915 0.058632115548003405 0.10844221105527638
0 0.5368139337298217 0.3695309882747069 0.03844519966015293 0.08495812395309883
0 0.5666525063721326 0.3297319932998325 0.036525063721325406 0.08073701842546065
0 0.3416397621070518 0.3875376884422111 0.06016992353440951 0.09586264656616415
0 0.3822090059473237 0.3695309882747069 0.04359388275276126 0.08495812395309883
0 0.4152336448598131 0.36386934673366833 0.035301614273576885 0.086214405360134
0 0.43700084961767205 0.32721943048576213 0.03423109600679694 0.07571189279731994
0 0.46035683942226 0.3221943048576214 0.03847068819031436 0.06566164154103853
0 0.13776550552251488 0.3929815745393635 0.051741716227697535 0.06485762144053601
0 0.20593882752761256 0.3837688442211056 0.05638912489379779 0.07993299832495812
0 0.17610025488530162 0.34396984924623114 0.041325403568394224 0.04221105527638191
0 0.21432455395072217 0.35571189279731996 0.04130841121495327 0.082428810720268
0 0.2583942225998301 0.33790619765494134 0.038113848768054376 0.06777219430485762
0 0.2901444350042481 0.3265829145728643 0.03576890399320306 0.05351758793969849
0 0.3378249787595582 0.3282579564489112 0.03553950722175021 0.04011725293132328
0 0.710322854715378 0.38273031825795645 0.0413678844519966 0.06527638190954774
0 0.7323024638912489 0.3952931323283082 0.06195412064570943 0.07366834170854271
0 0.7559813084112149 0.45268006700167507 0.07745114698385726 0.09966499162479062
0 0.7833899745114699 0.5196649916247906 0.11836023789294818 0.13822445561139027
0 0.9231096006796942 0.7452931323283082 0.14408666100254885 0.2250753768844221
0 0.9320305862361937 0.3913065326633166 0.05998300764655904 0.0950251256281407
0 0.9717332200509771 0.4512227805695142 0.05654205607476635 0.1226968174204355
0 0.8779864061172473 0.384606365159129 0.04746813933729822 0.06485762144053601
0 0.852608326253186 0.3534003350083752 0.04556499575191164 0.056884422110552765
0 0.8271197960917587 0.32721943048576213 0.045573491928632116 0.058961474036850925
0 0.6678504672897195 0.30793969849246233 0.03288020390824129 0.03716917922948074
0 0.6878079864061172 0.33078726968174205 0.038827527612574346 0.061892797319933
0 0.6937553101104502 0.34313232830820767 0.042217502124044175 0.0740536013400335
0 0.9634664401019541 0.33329983249581235 0.054876805437553106 0.06691792294807371
0 0.5289549702633816 0.31758793969849247 0.0269838572642311 0.0480569514237856