0 0.08205106382978723 0.5536271186440678 0.09524255319148936 0.11066101694915255
0 0.17373617021276594 0.5379491525423729 0.07862127659574468 0.10471186440677967
0 0.2541531914893617 0.5614745762711865 0.06923404255319149 0.10515254237288135
0 0.33105531914893616 0.5640169491525423 0.05496170212765957 0.09328813559322034
0 0.49209361702127663 0.5864915254237287 0.07490212765957448 0.12974576271186442
0 0.5357021276595745 0.532864406779661 0.05574468085106383 0.11149152542372881
0 0.5233702127659575 0.39828813559322035 0.031072340425531912 0.05844067796610169
0 0.567931914893617 0.49047457627118646 0.03722553191489362 0.0775593220338983
0 0.5772936170212767 0.46844067796610167 0.030417021276595745 0.06737288135593221
0 0.5928255319148936 0.4451186440677966 0.03168510638297872 0.06311864406779662
0 0.5988851063829788 0.4421525423728814 0.024663829787234044 0.04871186440677966
0 0.6845106382978723 0.4207457627118644 0.02357446808510638 0.044033898305084744
0 0.6939829787234042 0.44489830508474576 0.023361702127659575 0.049983050847457626
0 0.710995744680851 0.4614406779661017 0.03186382978723404 0.0576271186440678
0 0.7281191489361701 0.4824237288135593 0.03845106382978723 0.0699322033898305
0 0.7437617021276596 0.4894067796610169 0.03780425531914894 0.06272881355932203
0 0.7675829787234042 0.5091186440677966 0.04290212765957446 0.08096610169491526
0 0.7949191489361702 0.5400677966101695 0.07842553191489363 0.11742372881355932
0 0.8861787234042553 0.6392542372881357 0.09498723404255319 0.16327118644067795
0 0.9657446808510638 0.49027118644067796 0.06688510638297873 0.09832203389830509
0 0.9173446808510639 0.47140677966101696 0.06157446808510638 0.08177966101694915
0 0.8777787234042554 0.46971186440677964 0.05052765957446808 0.07838983050847458
0 0.846927659574468 0.4504237288135593 0.052663829787234044 0.06947457627118644
0 0.8276765957446809 0.4334576271186441 0.04182127659574468 0.05252542372881356
0 0.9691489361702128 0.43833898305084745 0.04816170212765958 0.08345762711864407
0 0.21628936170212765 0.4993728813559322 0.04457021276595744 0.0699322033898305
0 0.25745531914893616 0.4841186440677966 0.04392340425531915 0.07332203389830508
0 0.3048936170212766 0.4934406779661017 0.04092765957446809 0.05806779661016949
0 0.32457021276595743 0.46928813559322036 0.0356 0.06906779661016949
0 0.3526468085106383 0.4711864406779661 0.03218723404255319 0.06864406779661017
0 0.3773276595744681 0.5072203389830509 0.05600851063829788 0.08138983050847458
0 0.4190212765957447 0.5002203389830508 0.045787234042553186 0.07162711864406779
0 0.4421021276595745 0.4815762711864407 0.030246808510638296 0.05127118644067796
0 0.463268085106383 0.4690677966101695 0.0321531914893617 0.05593220338983051
0 0.47518297872340426 0.4535932203389831 0.030451063829787236 0.046169491525423725
0 0.5031574468085107 0.44342372881355935 0.028953191489361704 0.05972881355932204
0 0.389668085106383 0.4533898305084746 0.03813617021276596 0.049983050847457626
0 0.43306382978723407 0.44277966101694916 0.03982127659574468 0.037271186440677964