0 0.403000852514919 0.4868143100511073 0.09764705882352942 0.1848892674616695
0 0.44828644501278775 0.40948892674616694 0.07526001705029838 0.12817717206132878
0 0.05589087809036658 0.4584838160136286 0.11178175618073316 0.1835945485519591
0 0.15155157715260018 0.4180068143100511 0.08068201193520887 0.14522998296422487
0 0.2373231031543052 0.3775298126064736 0.07106564364876385 0.12390119250425895
0 0.2888917306052856 0.3705110732538331 0.05485080988917306 0.11410562180579217
0 0.3188320545609548 0.3553833049403748 0.04439897698209719 0.0795741056218058
0 0.3455754475703325 0.3411073253833049 0.04034100596760443 0.08085178875638842
0 0.3666751918158568 0.3217206132879046 0.035652173913043476 0.0718909710391823
0 0.039471440750213124 0.3293867120954003 0.05259164535379369 0.08724020442930154
0 0.10755328218243819 0.3447359454855196 0.07153452685421995 0.10086882453151619
0 0.1416453537936914 0.31385008517887564 0.05447570332480818 0.0944633730834753
0 0.17190963341858484 0.3110732538330494 0.04679454390451833 0.05911413969335605
0 0.6389002557544756 0.35856899488926747 0.045149190110826944 0.07318568994889267
0 0.6642625745950553 0.3932879045996593 0.05750213128729753 0.09579216354344122
0 0.6950554134697357 0.44611584327086884 0.06580562659846548 0.09923339011925042
0 0.7894543904518329 0.5534923339011925 0.07983802216538789 0.14359454855195913
0 0.976001705029838 0.43335604770017033 0.04799658994032395 0.1418228279386712
0 0.8875873827791987 0.39158432708688246 0.06936061381074168 0.09238500851788756
0 0.816308610400682 0.388603066439523 0.048294970161977833 0.060851788756388414
0 0.7647399829497016 0.38028960817717206 0.04745950554134697 0.05701873935264054
0 0.7323444160272804 0.3687904599659284 0.042352941176470586 0.05957410562180579
0 0.7108269394714407 0.3489778534923339 0.03767263427109974 0.041243611584327086
0 0.6944160272804774 0.32896081771720614 0.026172208013640237 0.04378194207836456
0 0.7858312020460357 0.3276831345826235 0.03423699914748508 0.049744463373083476
0 0.811619778346121 0.35281090289608175 0.055967604433077585 0.05742759795570698
0 0.8554049445865303 0.3656047700170358 0.04337595907928389 0.06596252129471891
0 0.910920716112532 0.3796592844974447 0.04144075021312873 0.06851788756388416
0 0.44317988064791136 0.3166098807495741 0.03093776641091219 0.04461669505962521
0 0.4642710997442456 0.34516183986371385 0.04329070758738278 0.09320272572402044
0 0.4857971014492754 0.31873935264054515 0.039445865302642796 0.057410562180579224
0 0.5694373401534527 0.3253321976149915 0.034092071611253195 0.05783645655877343
0 0.5874424552429668 0.3274787052810903 0.04239556692242114 0.07061328790459967
0 0.5976726342710997 0.34558773424190803 0.03728047740835464 0.08553662691652471