0 0.4738515625 0.28030555555555553 0.0696640625 0.11934722222222223
0 0.2347109375 0.38511111111111107 0.0802265625 0.17022222222222222
0 0.0802734375 0.3872916666666667 0.0927734375 0.14680555555555555
0 0.2832578125 0.3549305555555556 0.0634765625 0.109875
0 0.331015625 0.3616805555555556 0.069703125 0.09955555555555556
0 0.55375 0.37040277777777775 0.0419609375 0.06938888888888889
0 0.587 0.394625 0.0682890625 0.07813888888888888
0 0.66165625 0.3962222222222222 0.09035937499999999 0.14481944444444445
0 0.7588515625000001 0.42558333333333337 0.081625 0.09244444444444445
0 0.8542578125 0.4063472222222222 0.09609375 0.13729166666666665
0 0.961140625 0.43274999999999997 0.07771875 0.2496388888888889