0 0.075828125 0.5946944444444444 0.15165625 0.19256944444444446
0 0.3489765625 0.5613472222222222 0.1212578125 0.12586111111111112
0 0.577953125 0.7274861111111111 0.1863515625 0.23194444444444445
0 0.1391953125 0.48234722222222226 0.0677578125 0.10279166666666667
0 0.0943359375 0.4722222222222222 0.0717890625 0.07858333333333332
0 0.20659375 0.43947222222222226 0.0686328125 0.06466666666666666
0 0.30155468750000003 0.4755972222222222 0.0732890625 0.0813611111111111
0 0.373421875 0.45694444444444443 0.05630468749999999 0.08373611111111111
0 0.4118046875 0.49544444444444447 0.0616484375 0.08930555555555555
0 0.48099218749999995 0.4700416666666667 0.0660859375 0.086125
0 0.5794140624999999 0.5164861111111111 0.0888203125 0.09170833333333334
0 0.6527265625 0.49704166666666666 0.0725078125 0.09248611111111112
0 0.71990625 0.4627083333333333 0.077390625 0.10715277777777779
0 0.851578125 0.5329722222222222 0.126453125 0.14450000000000002