0 0.4795234375 0.4355833333333333 0.315375 0.5489305555555556
0 0.191859375 0.21661111111111112 0.1730859375 0.21815277777777778
0 0.08931249999999999 0.1828611111111111 0.11754687500000001 0.15859722222222222
0 0.14064062500000002 0.11836111111111111 0.09521093750000001 0.11290277777777778
0 0.33280468750000003 0.14575 0.082203125 0.14388888888888887
0 0.4289921875 0.12768055555555557 0.0736953125 0.08790277777777777
0 0.44416406249999996 0.2064861111111111 0.13082031249999998 0.16218055555555555
0 0.66321875 0.14019444444444445 0.08008593750000001 0.10101388888888889
0 0.7298359375000001 0.1370138888888889 0.08609375 0.15816666666666665
0 0.822125 0.13502777777777777 0.0675390625 0.13037500000000002
0 0.882234375 0.2755972222222222 0.23552343750000002 0.4908888888888889