0 0.382453125 0.3158472222222222 0.11678124999999999 0.1626388888888889
0 0.7323906250000001 0.5927361111111111 0.2630703125 0.33944444444444444
0 0.629515625 0.35018055555555555 0.1064375 0.14797222222222223
0 0.8199921874999999 0.3436388888888889 0.1414140625 0.1864722222222222
0 0.47831250000000003 0.24716666666666667 0.06965625 0.11258333333333334
0 0.5701562499999999 0.24855555555555556 0.059140625 0.13520833333333332
0 0.43345312500000005 0.22294444444444445 0.06476562500000001 0.10383333333333335
0 0.303453125 0.2187777777777778 0.06592187499999999 0.09947222222222223
0 0.335703125 0.18741666666666668 0.0656875 0.07643055555555556
0 0.04815625 0.17275 0.0963125 0.166125
0 0.0160234375 0.15765277777777778 0.032046875 0.08831944444444445