0 0.060203125 0.506986111111111 0.1204140625 0.29493055555555553
0 0.12200781249999999 0.43373611111111116 0.091421875 0.1365138888888889
0 0.2551328125 0.44704166666666667 0.09651562500000001 0.19883333333333333
0 0.303453125 0.40475 0.0569921875 0.10236111111111111
0 0.355234375 0.41744444444444445 0.07125781249999999 0.09601388888888888
0 0.356796875 0.33647222222222223 0.060992187499999996 0.12454166666666668
0 0.5664687500000001 0.40176388888888886 0.06293750000000001 0.09243055555555556
0 0.6055234375 0.43333333333333335 0.0687265625 0.09601388888888888
0 0.6682421875 0.4222222222222222 0.07896875 0.13729166666666665
0 0.784625 0.4635 0.06398437500000001 0.09286111111111112
0 0.9149609375000001 0.4400833333333333 0.083578125 0.14920833333333333