0 0.05753125 0.6022361111111111 0.1150546875 0.18384722222222222
0 0.092546875 0.4994166666666666 0.0771484375 0.129
0 0.21485156249999998 0.5341527777777777 0.0806796875 0.15483333333333335
0 0.29496875 0.6506666666666667 0.111453125 0.16958333333333334
0 0.37777343750000003 0.5635277777777777 0.067234375 0.11831944444444444
0 0.428546875 0.5226388888888889 0.063875 0.10798611111111112
0 0.6540703125 0.506361111111111 0.0394765625 0.05161111111111111
0 0.6614296875 0.5351388888888889 0.06759375 0.08933333333333332
0 0.6872109375 0.5770277777777777 0.076734375 0.11356944444444445
0 0.746796875 0.6016527777777778 0.1378671875 0.21044444444444446
0 0.7775937500000001 0.5258194444444444 0.065546875 0.11433333333333333
0 0.843546875 0.5849583333333334 0.1103828125 0.11356944444444445