0 0.05128125 0.33847222222222223 0.1025625 0.19995833333333332
0 0.2592578125 0.395625 0.1293203125 0.15554166666666666
0 0.1784765625 0.26840277777777777 0.06596093750000001 0.11140277777777777
0 0.24498437499999998 0.2737638888888889 0.0561171875 0.11022222222222222
0 0.348984375 0.23823611111111112 0.0409140625 0.09868055555555555
0 0.38301562499999997 0.26205555555555554 0.07103125 0.11458333333333333
0 0.6850859375 0.34541666666666665 0.123828125 0.15431944444444445
0 0.9510937500000001 0.3612916666666667 0.0978125 0.18608333333333332
0 0.7913203125 0.27158333333333334 0.086296875 0.1336388888888889
0 0.7370859375000001 0.27118055555555554 0.08051562500000001 0.14077777777777778
0 0.603515625 0.2507361111111111 0.056671875000000003 0.11179166666666666
0 0.6397890625 0.22315277777777776 0.046617187500000004 0.10026388888888889
0 0.8865078125 0.2562916666666667 0.06015625 0.10702777777777778