0 0.7129765625 0.734625 0.210859375 0.26211111111111113
0 0.22711718749999998 0.5964861111111112 0.15432812499999998 0.17629166666666668
0 0.10928906249999999 0.5129166666666667 0.10615625 0.108375
0 0.0762578125 0.45416666666666666 0.0847421875 0.08611111111111111
0 0.23717187499999998 0.4644861111111111 0.0628203125 0.059125
0 0.28114062500000003 0.48533333333333334 0.0659296875 0.138125
0 0.354671875 0.44006944444444446 0.04559375 0.05394444444444445
0 0.48288281250000004 0.5792083333333333 0.1212109375 0.12190277777777778
0 0.42664843750000003 0.48115277777777776 0.06231250000000001 0.06072222222222222
0 0.5004140625 0.4386805555555556 0.0558125 0.06308333333333334
0 0.5422578125 0.4936527777777778 0.052453125 0.07383333333333333
0 0.604296875 0.46765277777777775 0.06046875 0.06547222222222222
0 0.6809609375 0.498625 0.08209375 0.11154166666666666
0 0.786078125 0.49625 0.07357812500000001 0.10677777777777778
0 0.8705546875 0.47798611111111106 0.09028125000000001 0.102
0 0.9717421875 0.552611111111111 0.056515625 0.12427777777777778