0 0.078953125 0.5969027777777778 0.15789843750000002 0.34380555555555553
0 0.20368750000000002 0.4504166666666667 0.10300000000000001 0.2175
0 0.47128125 0.48911111111111116 0.0801484375 0.1559861111111111
0 0.5452578124999999 0.552625 0.1678359375 0.23541666666666666
0 0.4296640625 0.4390833333333333 0.0794921875 0.08769444444444445
0 0.6667890625 0.5190694444444445 0.114015625 0.10877777777777776
0 0.8460000000000001 0.6077916666666667 0.1286875 0.14733333333333334
0 0.7069609375 0.4285555555555556 0.0604375 0.07061111111111111
0 0.7636484375 0.44781944444444444 0.08452343749999999 0.08927777777777778
0 0.86184375 0.45376388888888886 0.08449218750000001 0.09325
0 0.46615624999999994 0.4091111111111111 0.0475703125 0.07140277777777777