0 0.42630468749999995 0.5284027777777778 0.157609375 0.16315277777777779
0 0.0414609375 0.4244027777777778 0.082921875 0.17738888888888887
0 0.0621953125 0.3595 0.1146484375 0.12297222222222223
0 0.36828906250000004 0.3422222222222222 0.095140625 0.08445833333333333
0 0.397296875 0.41923611111111114 0.126375 0.127375
0 0.467265625 0.3668472222222222 0.0988984375 0.10193055555555555
0 0.549390625 0.41308333333333336 0.111375 0.11109722222222221
0 0.6677890625 0.4883194444444444 0.1673515625 0.17027777777777778
0 0.8095078125 0.43869444444444444 0.10704687500000001 0.14247222222222222
0 0.9628125000000001 0.5143194444444444 0.074375 0.16275
0 0.6405624999999999 0.38112500000000005 0.059343749999999994 0.08288888888888889