0 0.436453125 0.3930972222222222 0.2872734375 0.45602777777777775
0 0.15403125 0.2358611111111111 0.12198437499999999 0.15743055555555555
0 0.045234375 0.13383333333333333 0.07180468749999999 0.08830555555555555
0 0.11553906249999998 0.13581944444444446 0.0561640625 0.08433333333333333
0 0.214296875 0.12768055555555557 0.0728671875 0.10377777777777777
0 0.24799218750000002 0.15606944444444446 0.09115625000000001 0.11690277777777779
0 0.398078125 0.15031944444444445 0.1123125 0.1411111111111111
0 0.5187109375000001 0.14534722222222224 0.083484375 0.11927777777777777
0 0.6288515625 0.1302638888888889 0.0738515625 0.10497222222222222
0 0.72715625 0.1713611111111111 0.1343046875 0.159375
0 0.813078125 0.15884722222222222 0.1231171875 0.11451388888888889