0 0.06689843749999999 0.36904166666666666 0.13380468750000002 0.17377777777777778
0 0.156375 0.304125 0.1065859375 0.10348611111111111
0 0.20950000000000002 0.240625 0.06996875 0.13520833333333332
0 0.17490624999999999 0.220375 0.058820312500000006 0.10263888888888889
0 0.0405703125 0.24875 0.081140625 0.09988888888888889
0 0.4259765625 0.2497361111111111 0.074359375 0.09790277777777777
0 0.46614843749999996 0.22631944444444443 0.06542187499999999 0.09073611111111111
0 0.5029765625 0.3388611111111111 0.1078125 0.12930555555555553
0 0.8975234375 0.62825 0.20495312499999999 0.27158333333333334
0 0.7611875 0.36188888888888887 0.11978124999999999 0.1594861111111111
0 0.5572109375000001 0.25490277777777776 0.0689609375 0.11616666666666667
0 0.610546875 0.27158333333333334 0.081890625 0.1177638888888889
0 0.702046875 0.26641666666666663 0.0773984375 0.083625
0 0.960578125 0.3474027777777778 0.0788359375 0.15034722222222222