0 0.66978125 0.747138888888889 0.282953125 0.33873611111111107
0 0.6047421875000001 0.5041805555555555 0.1238515625 0.12265277777777778
0 0.6898828124999999 0.4756111111111111 0.091015625 0.1131111111111111
0 0.79890625 0.45694444444444443 0.092546875 0.11548611111111112
0 0.9256718749999999 0.5597638888888888 0.10500000000000001 0.15444444444444444
0 0.3692890625 0.5758333333333334 0.12169531250000001 0.15087499999999998
0 0.0828359375 0.5883611111111111 0.1447734375 0.25925
0 0.0927734375 0.46886111111111106 0.0820546875 0.12343055555555556
0 0.197 0.5165 0.089609375 0.13933333333333334
0 0.245875 0.42618055555555556 0.0757578125 0.08172222222222222
0 0.3165078125 0.46072222222222226 0.089796875 0.111125
0 0.4306640625 0.48891666666666667 0.0917734375 0.1246111111111111
0 0.4053359375 0.42718055555555556 0.08887500000000001 0.1115
0 0.5431484375 0.4704444444444445 0.07209375 0.09484722222222224