0 0.38446875 0.6002638888888889 0.16988281249999998 0.22590277777777779
0 0.30546093750000003 0.48573611111111115 0.10117968749999999 0.13733333333333334
0 0.26461718749999996 0.44147222222222227 0.08646875000000001 0.12420833333333334
0 0.3038984375 0.4168472222222222 0.0668125 0.07497222222222222
0 0.03075 0.4811666666666667 0.0615 0.1877361111111111
0 0.50609375 0.5014027777777778 0.1140625 0.12504166666666666
0 0.5534140625 0.4372916666666667 0.06584375 0.08808333333333333
0 0.611328125 0.4513888888888889 0.06782812499999999 0.08848611111111111
0 0.6900000000000001 0.4406805555555556 0.07115625 0.10354166666666666
0 0.6728125 0.5992638888888889 0.1305234375 0.17391666666666666
0 0.8628515625000001 0.4879027777777778 0.0753359375 0.09804166666666667
0 0.933796875 0.5303888888888889 0.13240625 0.17506944444444444